0.0 -5.0 0.0 -5.0 5
0.0 -5.0 0.0 -4.6 4
0.0 -5.0 0.0 -4.199999999999999 2
0.0 -5.0 0.0 -3.7999999999999994 4
0.0 -5.0 0.0 -3.3999999999999995 2
0.0 -5.0 0.0 -2.9999999999999996 2
0.0 -5.0 0.0 -2.5999999999999996 3
0.0 -5.0 0.0 -2.1999999999999997 1
0.0 -5.0 0.0 -1.7999999999999998 0
0.0 -5.0 0.0 -1.4 0
0.0 -5.0 0.0 -0.9999999999999999 0
0.0 -5.0 0.0 -0.5999999999999999 0
0.0 -5.0 0.0 -0.19999999999999984 0
0.0 -5.0 0.0 0.20000000000000018 0
0.0 -5.0 0.0 0.6000000000000002 0
0.0 -5.0 0.0 1.0000000000000002 0
0.0 -5.0 0.0 1.4000000000000004 0
0.0 -5.0 0.0 1.8000000000000003 0
0.0 -5.0 0.0 2.2 0
0.0 -5.0 0.0 2.6 0
0.0 -5.0 0.0 3.0 0
0.0 -5.0 0.0 3.4 0
0.0 -5.0 0.0 3.8 0
0.0 -5.0 0.0 4.2 0
0.0 -5.0 0.0 4.6000000000000005 0
0.0 -5.0 0.0 5.000000000000001 0
0.0 -4.6 0.0 -5.0 3
0.0 -4.6 0.0 -4.6 3
0.0 -4.6 0.0 -4.199999999999999 3
0.0 -4.6 0.0 -3.7999999999999994 2
0.0 -4.6 0.0 -3.3999999999999995 1
0.0 -4.6 0.0 -2.9999999999999996 2
0.0 -4.6 0.0 -2.5999999999999996 0
0.0 -4.6 0.0 -2.1999999999999997 0
0.0 -4.6 0.0 -1.7999999999999998 0
0.0 -4.6 0.0 -1.4 0
0.0 -4.6 0.0 -0.9999999999999999 0
0.0 -4.6 0.0 -0.5999999999999999 0
0.0 -4.6 0.0 -0.19999999999999984 0
0.0 -4.6 0.0 0.20000000000000018 0
0.0 -4.6 0.0 0.6000000000000002 0
0.0 -4.6 0.0 1.0000000000000002 0
0.0 -4.6 0.0 1.4000000000000004 0
0.0 -4.6 0.0 1.8000000000000003 0
0.0 -4.6 0.0 2.2 0
0.0 -4.6 0.0 2.6 0
0.0 -4.6 0.0 3.0 0
0.0 -4.6 0.0 3.4 0
0.0 -4.6 0.0 3.8 0
0.0 -4.6 0.0 4.2 0
0.0 -4.6 0.0 4.6000000000000005 0
0.0 -4.6 0.0 5.000000000000001 0
0.0 -4.199999999999999 0.0 -5.0 5
0.0 -4.199999999999999 0.0 -4.6 1
0.0 -4.199999999999999 0.0 -4.199999999999999 2
0.0 -4.199999999999999 0.0 -3.7999999999999994 1
0.0 -4.199999999999999 0.0 -3.3999999999999995 0
0.0 -4.199999999999999 0.0 -2.9999999999999996 0
0.0 -4.199999999999999 0.0 -2.5999999999999996 0
0.0 -4.199999999999999 0.0 -2.1999999999999997 0
0.0 -4.199999999999999 0.0 -1.7999999999999998 0
0.0 -4.199999999999999 0.0 -1.4 0
0.0 -4.199999999999999 0.0 -0.9999999999999999 0
0.0 -4.199999999999999 0.0 -0.5999999999999999 0
0.0 -4.199999999999999 0.0 -0.19999999999999984 0
0.0 -4.199999999999999 0.0 0.20000000000000018 0
0.0 -4.199999999999999 0.0 0.6000000000000002 0
0.0 -4.199999999999999 0.0 1.0000000000000002 0
0.0 -4.199999999999999 0.0 1.4000000000000004 0
0.0 -4.199999999999999 0.0 1.8000000000000003 0
0.0 -4.199999999999999 0.0 2.2 0
0.0 -4.199999999999999 0.0 2.6 0
0.0 -4.199999999999999 0.0 3.0 0
0.0 -4.199999999999999 0.0 3.4 0
0.0 -4.199999999999999 0.0 3.8 0
0.0 -4.199999999999999 0.0 4.2 0
0.0 -4.199999999999999 0.0 4.6000000000000005 0
0.0 -4.199999999999999 0.0 5.000000000000001 0
0.0 -3.7999999999999994 0.0 -5.0 1
0.0 -3.7999999999999994 0.0 -4.6 1
0.0 -3.7999999999999994 0.0 -4.199999999999999 1
0.0 -3.7999999999999994 0.0 -3.7999999999999994 0
0.0 -3.7999999999999994 0.0 -3.3999999999999995 0
0.0 -3.7999999999999994 0.0 -2.9999999999999996 0
0.0 -3.7999999999999994 0.0 -2.5999999999999996 0
0.0 -3.7999999999999994 0.0 -2.1999999999999997 0
0.0 -3.7999999999999994 0.0 -1.7999999999999998 0
0.0 -3.7999999999999994 0.0 -1.4 0
0.0 -3.7999999999999994 0.0 -0.9999999999999999 0
0.0 -3.7999999999999994 0.0 -0.5999999999999999 0
0.0 -3.7999999999999994 0.0 -0.19999999999999984 0
0.0 -3.7999999999999994 0.0 0.20000000000000018 0
0.0 -3.7999999999999994 0.0 0.6000000000000002 0
0.0 -3.7999999999999994 0.0 1.0000000000000002 0
0.0 -3.7999999999999994 0.0 1.4000000000000004 0
0.0 -3.7999999999999994 0.0 1.8000000000000003 0
0.0 -3.7999999999999994 0.0 2.2 0
0.0 -3.7999999999999994 0.0 2.6 0
0.0 -3.7999999999999994 0.0 3.0 0
0.0 -3.7999999999999994 0.0 3.4 0
0.0 -3.7999999999999994 0.0 3.8 0
0.0 -3.7999999999999994 0.0 4.2 0
0.0 -3.7999999999999994 0.0 4.6000000000000005 0
0.0 -3.7999999999999994 0.0 5.000000000000001 0
0.0 -3.3999999999999995 0.0 -5.0 2
0.0 -3.3999999999999995 0.0 -4.6 2
0.0 -3.3999999999999995 0.0 -4.199999999999999 0
0.0 -3.3999999999999995 0.0 -3.7999999999999994 0
0.0 -3.3999999999999995 0.0 -3.3999999999999995 0
0.0 -3.3999999999999995 0.0 -2.9999999999999996 0
0.0 -3.3999999999999995 0.0 -2.5999999999999996 0
0.0 -3.3999999999999995 0.0 -2.1999999999999997 0
0.0 -3.3999999999999995 0.0 -1.7999999999999998 0
0.0 -3.3999999999999995 0.0 -1.4 0
0.0 -3.3999999999999995 0.0 -0.9999999999999999 0
0.0 -3.3999999999999995 0.0 -0.5999999999999999 0
0.0 -3.3999999999999995 0.0 -0.19999999999999984 0
0.0 -3.3999999999999995 0.0 0.20000000000000018 0
0.0 -3.3999999999999995 0.0 0.6000000000000002 0
0.0 -3.3999999999999995 0.0 1.0000000000000002 0
0.0 -3.3999999999999995 0.0 1.4000000000000004 0
0.0 -3.3999999999999995 0.0 1.8000000000000003 0
0.0 -3.3999999999999995 0.0 2.2 0
0.0 -3.3999999999999995 0.0 2.6 0
0.0 -3.3999999999999995 0.0 3.0 0
0.0 -3.3999999999999995 0.0 3.4 0
0.0 -3.3999999999999995 0.0 3.8 0
0.0 -3.3999999999999995 0.0 4.2 0
0.0 -3.3999999999999995 0.0 4.6000000000000005 0
0.0 -3.3999999999999995 0.0 5.000000000000001 0
0.0 -2.9999999999999996 0.0 -5.0 2
0.0 -2.9999999999999996 0.0 -4.6 0
0.0 -2.9999999999999996 0.0 -4.199999999999999 0
0.0 -2.9999999999999996 0.0 -3.7999999999999994 0
0.0 -2.9999999999999996 0.0 -3.3999999999999995 0
0.0 -2.9999999999999996 0.0 -2.9999999999999996 0
0.0 -2.9999999999999996 0.0 -2.5999999999999996 0
0.0 -2.9999999999999996 0.0 -2.1999999999999997 0
0.0 -2.9999999999999996 0.0 -1.7999999999999998 0
0.0 -2.9999999999999996 0.0 -1.4 0
0.0 -2.9999999999999996 0.0 -0.9999999999999999 0
0.0 -2.9999999999999996 0.0 -0.5999999999999999 0
0.0 -2.9999999999999996 0.0 -0.19999999999999984 0
0.0 -2.9999999999999996 0.0 0.20000000000000018 0
0.0 -2.9999999999999996 0.0 0.6000000000000002 0
0.0 -2.9999999999999996 0.0 1.0000000000000002 0
0.0 -2.9999999999999996 0.0 1.4000000000000004 0
0.0 -2.9999999999999996 0.0 1.8000000000000003 0
0.0 -2.9999999999999996 0.0 2.2 0
0.0 -2.9999999999999996 0.0 2.6 0
0.0 -2.9999999999999996 0.0 3.0 0
0.0 -2.9999999999999996 0.0 3.4 0
0.0 -2.9999999999999996 0.0 3.8 0
0.0 -2.9999999999999996 0.0 4.2 0
0.0 -2.9999999999999996 0.0 4.6000000000000005 0
0.0 -2.9999999999999996 0.0 5.000000000000001 0
0.0 -2.5999999999999996 0.0 -5.0 0
0.0 -2.5999999999999996 0.0 -4.6 0
0.0 -2.5999999999999996 0.0 -4.199999999999999 0
0.0 -2.5999999999999996 0.0 -3.7999999999999994 0
0.0 -2.5999999999999996 0.0 -3.3999999999999995 0
0.0 -2.5999999999999996 0.0 -2.9999999999999996 0
0.0 -2.5999999999999996 0.0 -2.5999999999999996 0
0.0 -2.5999999999999996 0.0 -2.1999999999999997 0
0.0 -2.5999999999999996 0.0 -1.7999999999999998 0
0.0 -2.5999999999999996 0.0 -1.4 0
0.0 -2.5999999999999996 0.0 -0.9999999999999999 0
0.0 -2.5999999999999996 0.0 -0.5999999999999999 0
0.0 -2.5999999999999996 0.0 -0.19999999999999984 0
0.0 -2.5999999999999996 0.0 0.20000000000000018 0
0.0 -2.5999999999999996 0.0 0.6000000000000002 0
0.0 -2.5999999999999996 0.0 1.0000000000000002 0
0.0 -2.5999999999999996 0.0 1.4000000000000004 0
0.0 -2.5999999999999996 0.0 1.8000000000000003 0
0.0 -2.5999999999999996 0.0 2.2 0
0.0 -2.5999999999999996 0.0 2.6 0
0.0 -2.5999999999999996 0.0 3.0 0
0.0 -2.5999999999999996 0.0 3.4 0
0.0 -2.5999999999999996 0.0 3.8 0
0.0 -2.5999999999999996 0.0 4.2 0
0.0 -2.5999999999999996 0.0 4.6000000000000005 0
0.0 -2.5999999999999996 0.0 5.000000000000001 0
0.0 -2.1999999999999997 0.0 -5.0 0
0.0 -2.1999999999999997 0.0 -4.6 0
0.0 -2.1999999999999997 0.0 -4.199999999999999 0
0.0 -2.1999999999999997 0.0 -3.7999999999999994 0
0.0 -2.1999999999999997 0.0 -3.3999999999999995 0
0.0 -2.1999999999999997 0.0 -2.9999999999999996 0
0.0 -2.1999999999999997 0.0 -2.5999999999999996 0
0.0 -2.1999999999999997 0.0 -2.1999999999999997 0
0.0 -2.1999999999999997 0.0 -1.7999999999999998 0
0.0 -2.1999999999999997 0.0 -1.4 0
0.0 -2.1999999999999997 0.0 -0.9999999999999999 0
0.0 -2.1999999999999997 0.0 -0.5999999999999999 0
0.0 -2.1999999999999997 0.0 -0.19999999999999984 0
0.0 -2.1999999999999997 0.0 0.20000000000000018 0
0.0 -2.1999999999999997 0.0 0.6000000000000002 0
0.0 -2.1999999999999997 0.0 1.0000000000000002 0
0.0 -2.1999999999999997 0.0 1.4000000000000004 0
0.0 -2.1999999999999997 0.0 1.8000000000000003 0
0.0 -2.1999999999999997 0.0 2.2 0
0.0 -2.1999999999999997 0.0 2.6 0
0.0 -2.1999999999999997 0.0 3.0 0
0.0 -2.1999999999999997 0.0 3.4 0
0.0 -2.1999999999999997 0.0 3.8 0
0.0 -2.1999999999999997 0.0 4.2 0
0.0 -2.1999999999999997 0.0 4.6000000000000005 0
0.0 -2.1999999999999997 0.0 5.000000000000001 0
0.0 -1.7999999999999998 0.0 -5.0 0
0.0 -1.7999999999999998 0.0 -4.6 0
0.0 -1.7999999999999998 0.0 -4.199999999999999 0
0.0 -1.7999999999999998 0.0 -3.7999999999999994 0
0.0 -1.7999999999999998 0.0 -3.3999999999999995 0
0.0 -1.7999999999999998 0.0 -2.9999999999999996 0
0.0 -1.7999999999999998 0.0 -2.5999999999999996 0
0.0 -1.7999999999999998 0.0 -2.1999999999999997 0
0.0 -1.7999999999999998 0.0 -1.7999999999999998 0
0.0 -1.7999999999999998 0.0 -1.4 0
0.0 -1.7999999999999998 0.0 -0.9999999999999999 0
0.0 -1.7999999999999998 0.0 -0.5999999999999999 0
0.0 -1.7999999999999998 0.0 -0.19999999999999984 0
0.0 -1.7999999999999998 0.0 0.20000000000000018 0
0.0 -1.7999999999999998 0.0 0.6000000000000002 0
0.0 -1.7999999999999998 0.0 1.0000000000000002 0
0.0 -1.7999999999999998 0.0 1.4000000000000004 0
0.0 -1.7999999999999998 0.0 1.8000000000000003 0
0.0 -1.7999999999999998 0.0 2.2 0
0.0 -1.7999999999999998 0.0 2.6 0
0.0 -1.7999999999999998 0.0 3.0 0
0.0 -1.7999999999999998 0.0 3.4 0
0.0 -1.7999999999999998 0.0 3.8 0
0.0 -1.7999999999999998 0.0 4.2 0
0.0 -1.7999999999999998 0.0 4.6000000000000005 0
0.0 -1.7999999999999998 0.0 5.000000000000001 0
0.0 -1.4 0.0 -5.0 0
0.0 -1.4 0.0 -4.6 0
0.0 -1.4 0.0 -4.199999999999999 0
0.0 -1.4 0.0 -3.7999999999999994 0
0.0 -1.4 0.0 -3.3999999999999995 0
0.0 -1.4 0.0 -2.9999999999999996 0
0.0 -1.4 0.0 -2.5999999999999996 0
0.0 -1.4 0.0 -2.1999999999999997 0
0.0 -1.4 0.0 -1.7999999999999998 0
0.0 -1.4 0.0 -1.4 0
0.0 -1.4 0.0 -0.9999999999999999 0
0.0 -1.4 0.0 -0.5999999999999999 0
0.0 -1.4 0.0 -0.19999999999999984 0
0.0 -1.4 0.0 0.20000000000000018 0
0.0 -1.4 0.0 0.6000000000000002 0
0.0 -1.4 0.0 1.0000000000000002 0
0.0 -1.4 0.0 1.4000000000000004 0
0.0 -1.4 0.0 1.8000000000000003 0
0.0 -1.4 0.0 2.2 0
0.0 -1.4 0.0 2.6 0
0.0 -1.4 0.0 3.0 0
0.0 -1.4 0.0 3.4 0
0.0 -1.4 0.0 3.8 0
0.0 -1.4 0.0 4.2 0
0.0 -1.4 0.0 4.6000000000000005 0
0.0 -1.4 0.0 5.000000000000001 0
0.0 -0.9999999999999999 0.0 -5.0 0
0.0 -0.9999999999999999 0.0 -4.6 0
0.0 -0.9999999999999999 0.0 -4.199999999999999 0
0.0 -0.9999999999999999 0.0 -3.7999999999999994 0
0.0 -0.9999999999999999 0.0 -3.3999999999999995 0
0.0 -0.9999999999999999 0.0 -2.9999999999999996 0
0.0 -0.9999999999999999 0.0 -2.5999999999999996 0
0.0 -0.9999999999999999 0.0 -2.1999999999999997 0
0.0 -0.9999999999999999 0.0 -1.7999999999999998 0
0.0 -0.9999999999999999 0.0 -1.4 0
0.0 -0.9999999999999999 0.0 -0.9999999999999999 0
0.0 -0.9999999999999999 0.0 -0.5999999999999999 0
0.0 -0.9999999999999999 0.0 -0.19999999999999984 0
0.0 -0.9999999999999999 0.0 0.20000000000000018 0
0.0 -0.9999999999999999 0.0 0.6000000000000002 0
0.0 -0.9999999999999999 0.0 1.0000000000000002 0
0.0 -0.9999999999999999 0.0 1.4000000000000004 0
0.0 -0.9999999999999999 0.0 1.8000000000000003 0
0.0 -0.9999999999999999 0.0 2.2 0
0.0 -0.9999999999999999 0.0 2.6 0
0.0 -0.9999999999999999 0.0 3.0 0
0.0 -0.9999999999999999 0.0 3.4 0
0.0 -0.9999999999999999 0.0 3.8 0
0.0 -0.9999999999999999 0.0 4.2 0
0.0 -0.9999999999999999 0.0 4.6000000000000005 0
0.0 -0.9999999999999999 0.0 5.000000000000001 0
0.0 -0.5999999999999999 0.0 -5.0 0
0.0 -0.5999999999999999 0.0 -4.6 0
0.0 -0.5999999999999999 0.0 -4.199999999999999 0
0.0 -0.5999999999999999 0.0 -3.7999999999999994 0
0.0 -0.5999999999999999 0.0 -3.3999999999999995 0
0.0 -0.5999999999999999 0.0 -2.9999999999999996 0
0.0 -0.5999999999999999 0.0 -2.5999999999999996 0
0.0 -0.5999999999999999 0.0 -2.1999999999999997 0
0.0 -0.5999999999999999 0.0 -1.7999999999999998 0
0.0 -0.5999999999999999 0.0 -1.4 0
0.0 -0.5999999999999999 0.0 -0.9999999999999999 0
0.0 -0.5999999999999999 0.0 -0.5999999999999999 0
0.0 -0.5999999999999999 0.0 -0.19999999999999984 0
0.0 -0.5999999999999999 0.0 0.20000000000000018 0
0.0 -0.5999999999999999 0.0 0.6000000000000002 0
0.0 -0.5999999999999999 0.0 1.0000000000000002 0
0.0 -0.5999999999999999 0.0 1.4000000000000004 0
0.0 -0.5999999999999999 0.0 1.8000000000000003 0
0.0 -0.5999999999999999 0.0 2.2 0
0.0 -0.5999999999999999 0.0 2.6 0
0.0 -0.5999999999999999 0.0 3.0 0
0.0 -0.5999999999999999 0.0 3.4 0
0.0 -0.5999999999999999 0.0 3.8 0
0.0 -0.5999999999999999 0.0 4.2 0
0.0 -0.5999999999999999 0.0 4.6000000000000005 0
0.0 -0.5999999999999999 0.0 5.000000000000001 0
0.0 -0.19999999999999984 0.0 -5.0 0
0.0 -0.19999999999999984 0.0 -4.6 0
0.0 -0.19999999999999984 0.0 -4.199999999999999 0
0.0 -0.19999999999999984 0.0 -3.7999999999999994 0
0.0 -0.19999999999999984 0.0 -3.3999999999999995 0
0.0 -0.19999999999999984 0.0 -2.9999999999999996 0
0.0 -0.19999999999999984 0.0 -2.5999999999999996 0
0.0 -0.19999999999999984 0.0 -2.1999999999999997 0
0.0 -0.19999999999999984 0.0 -1.7999999999999998 0
0.0 -0.19999999999999984 0.0 -1.4 0
0.0 -0.19999999999999984 0.0 -0.9999999999999999 0
0.0 -0.19999999999999984 0.0 -0.5999999999999999 0
0.0 -0.19999999999999984 0.0 -0.19999999999999984 0
0.0 -0.19999999999999984 0.0 0.20000000000000018 0
0.0 -0.19999999999999984 0.0 0.6000000000000002 0
0.0 -0.19999999999999984 0.0 1.0000000000000002 0
0.0 -0.19999999999999984 0.0 1.4000000000000004 0
0.0 -0.19999999999999984 0.0 1.8000000000000003 0
0.0 -0.19999999999999984 0.0 2.2 0
0.0 -0.19999999999999984 0.0 2.6 0
0.0 -0.19999999999999984 0.0 3.0 0
0.0 -0.19999999999999984 0.0 3.4 0
0.0 -0.19999999999999984 0.0 3.8 0
0.0 -0.19999999999999984 0.0 4.2 0
0.0 -0.19999999999999984 0.0 4.6000000000000005 0
0.0 -0.19999999999999984 0.0 5.000000000000001 0
0.0 0.20000000000000018 0.0 -5.0 0
0.0 0.20000000000000018 0.0 -4.6 0
0.0 0.20000000000000018 0.0 -4.199999999999999 0
0.0 0.20000000000000018 0.0 -3.7999999999999994 0
0.0 0.20000000000000018 0.0 -3.3999999999999995 0
0.0 0.20000000000000018 0.0 -2.9999999999999996 0
0.0 0.20000000000000018 0.0 -2.5999999999999996 0
0.0 0.20000000000000018 0.0 -2.1999999999999997 0
0.0 0.20000000000000018 0.0 -1.7999999999999998 0
0.0 0.20000000000000018 0.0 -1.4 0
0.0 0.20000000000000018 0.0 -0.9999999999999999 0
0.0 0.20000000000000018 0.0 -0.5999999999999999 0
0.0 0.20000000000000018 0.0 -0.19999999999999984 0
0.0 0.20000000000000018 0.0 0.20000000000000018 0
0.0 0.20000000000000018 0.0 0.6000000000000002 0
0.0 0.20000000000000018 0.0 1.0000000000000002 0
0.0 0.20000000000000018 0.0 1.4000000000000004 0
0.0 0.20000000000000018 0.0 1.8000000000000003 0
0.0 0.20000000000000018 0.0 2.2 0
0.0 0.20000000000000018 0.0 2.6 0
0.0 0.20000000000000018 0.0 3.0 0
0.0 0.20000000000000018 0.0 3.4 0
0.0 0.20000000000000018 0.0 3.8 0
0.0 0.20000000000000018 0.0 4.2 0
0.0 0.20000000000000018 0.0 4.6000000000000005 0
0.0 0.20000000000000018 0.0 5.000000000000001 0
0.0 0.6000000000000002 0.0 -5.0 0
0.0 0.6000000000000002 0.0 -4.6 0
0.0 0.6000000000000002 0.0 -4.199999999999999 0
0.0 0.6000000000000002 0.0 -3.7999999999999994 0
0.0 0.6000000000000002 0.0 -3.3999999999999995 0
0.0 0.6000000000000002 0.0 -2.9999999999999996 0
0.0 0.6000000000000002 0.0 -2.5999999999999996 0
0.0 0.6000000000000002 0.0 -2.1999999999999997 0
0.0 0.6000000000000002 0.0 -1.7999999999999998 0
0.0 0.6000000000000002 0.0 -1.4 0
0.0 0.6000000000000002 0.0 -0.9999999999999999 0
0.0 0.6000000000000002 0.0 -0.5999999999999999 0
0.0 0.6000000000000002 0.0 -0.19999999999999984 0
0.0 0.6000000000000002 0.0 0.20000000000000018 0
0.0 0.6000000000000002 0.0 0.6000000000000002 0
0.0 0.6000000000000002 0.0 1.0000000000000002 0
0.0 0.6000000000000002 0.0 1.4000000000000004 0
0.0 0.6000000000000002 0.0 1.8000000000000003 0
0.0 0.6000000000000002 0.0 2.2 0
0.0 0.6000000000000002 0.0 2.6 0
0.0 0.6000000000000002 0.0 3.0 0
0.0 0.6000000000000002 0.0 3.4 0
0.0 0.6000000000000002 0.0 3.8 0
0.0 0.6000000000000002 0.0 4.2 0
0.0 0.6000000000000002 0.0 4.6000000000000005 0
0.0 0.6000000000000002 0.0 5.000000000000001 0
0.0 1.0000000000000002 0.0 -5.0 0
0.0 1.0000000000000002 0.0 -4.6 0
0.0 1.0000000000000002 0.0 -4.199999999999999 0
0.0 1.0000000000000002 0.0 -3.7999999999999994 0
0.0 1.0000000000000002 0.0 -3.3999999999999995 0
0.0 1.0000000000000002 0.0 -2.9999999999999996 0
0.0 1.0000000000000002 0.0 -2.5999999999999996 0
0.0 1.0000000000000002 0.0 -2.1999999999999997 0
0.0 1.0000000000000002 0.0 -1.7999999999999998 0
0.0 1.0000000000000002 0.0 -1.4 0
0.0 1.0000000000000002 0.0 -0.9999999999999999 0
0.0 1.0000000000000002 0.0 -0.5999999999999999 0
0.0 1.0000000000000002 0.0 -0.19999999999999984 0
0.0 1.0000000000000002 0.0 0.20000000000000018 0
0.0 1.0000000000000002 0.0 0.6000000000000002 0
0.0 1.0000000000000002 0.0 1.0000000000000002 0
0.0 1.0000000000000002 0.0 1.4000000000000004 0
0.0 1.0000000000000002 0.0 1.8000000000000003 0
0.0 1.0000000000000002 0.0 2.2 0
0.0 1.0000000000000002 0.0 2.6 0
0.0 1.0000000000000002 0.0 3.0 0
0.0 1.0000000000000002 0.0 3.4 0
0.0 1.0000000000000002 0.0 3.8 0
0.0 1.0000000000000002 0.0 4.2 0
0.0 1.0000000000000002 0.0 4.6000000000000005 0
0.0 1.0000000000000002 0.0 5.000000000000001 0
0.0 1.4000000000000004 0.0 -5.0 0
0.0 1.4000000000000004 0.0 -4.6 0
0.0 1.4000000000000004 0.0 -4.199999999999999 0
0.0 1.4000000000000004 0.0 -3.7999999999999994 0
0.0 1.4000000000000004 0.0 -3.3999999999999995 0
0.0 1.4000000000000004 0.0 -2.9999999999999996 0
0.0 1.4000000000000004 0.0 -2.5999999999999996 0
0.0 1.4000000000000004 0.0 -2.1999999999999997 0
0.0 1.4000000000000004 0.0 -1.7999999999999998 0
0.0 1.4000000000000004 0.0 -1.4 0
0.0 1.4000000000000004 0.0 -0.9999999999999999 0
0.0 1.4000000000000004 0.0 -0.5999999999999999 0
0.0 1.4000000000000004 0.0 -0.19999999999999984 0
0.0 1.4000000000000004 0.0 0.20000000000000018 0
0.0 1.4000000000000004 0.0 0.6000000000000002 0
0.0 1.4000000000000004 0.0 1.0000000000000002 0
0.0 1.4000000000000004 0.0 1.4000000000000004 0
0.0 1.4000000000000004 0.0 1.8000000000000003 0
0.0 1.4000000000000004 0.0 2.2 0
0.0 1.4000000000000004 0.0 2.6 0
0.0 1.4000000000000004 0.0 3.0 0
0.0 1.4000000000000004 0.0 3.4 0
0.0 1.4000000000000004 0.0 3.8 0
0.0 1.4000000000000004 0.0 4.2 0
0.0 1.4000000000000004 0.0 4.6000000000000005 0
0.0 1.4000000000000004 0.0 5.000000000000001 0
0.0 1.8000000000000003 0.0 -5.0 0
0.0 1.8000000000000003 0.0 -4.6 0
0.0 1.8000000000000003 0.0 -4.199999999999999 0
0.0 1.8000000000000003 0.0 -3.7999999999999994 0
0.0 1.8000000000000003 0.0 -3.3999999999999995 0
0.0 1.8000000000000003 0.0 -2.9999999999999996 0
0.0 1.8000000000000003 0.0 -2.5999999999999996 0
0.0 1.8000000000000003 0.0 -2.1999999999999997 0
0.0 1.8000000000000003 0.0 -1.7999999999999998 0
0.0 1.8000000000000003 0.0 -1.4 0
0.0 1.8000000000000003 0.0 -0.9999999999999999 0
0.0 1.8000000000000003 0.0 -0.5999999999999999 0
0.0 1.8000000000000003 0.0 -0.19999999999999984 0
0.0 1.8000000000000003 0.0 0.20000000000000018 0
0.0 1.8000000000000003 0.0 0.6000000000000002 0
0.0 1.8000000000000003 0.0 1.0000000000000002 0
0.0 1.8000000000000003 0.0 1.4000000000000004 0
0.0 1.8000000000000003 0.0 1.8000000000000003 0
0.0 1.8000000000000003 0.0 2.2 0
0.0 1.8000000000000003 0.0 2.6 0
0.0 1.8000000000000003 0.0 3.0 0
0.0 1.8000000000000003 0.0 3.4 0
0.0 1.8000000000000003 0.0 3.8 0
0.0 1.8000000000000003 0.0 4.2 0
0.0 1.8000000000000003 0.0 4.6000000000000005 0
0.0 1.8000000000000003 0.0 5.000000000000001 0
0.0 2.2 0.0 -5.0 0
0.0 2.2 0.0 -4.6 0
0.0 2.2 0.0 -4.199999999999999 0
0.0 2.2 0.0 -3.7999999999999994 0
0.0 2.2 0.0 -3.3999999999999995 0
0.0 2.2 0.0 -2.9999999999999996 0
0.0 2.2 0.0 -2.5999999999999996 0
0.0 2.2 0.0 -2.1999999999999997 0
0.0 2.2 0.0 -1.7999999999999998 0
0.0 2.2 0.0 -1.4 0
0.0 2.2 0.0 -0.9999999999999999 0
0.0 2.2 0.0 -0.5999999999999999 0
0.0 2.2 0.0 -0.19999999999999984 0
0.0 2.2 0.0 0.20000000000000018 0
0.0 2.2 0.0 0.6000000000000002 0
0.0 2.2 0.0 1.0000000000000002 0
0.0 2.2 0.0 1.4000000000000004 0
0.0 2.2 0.0 1.8000000000000003 0
0.0 2.2 0.0 2.2 0
0.0 2.2 0.0 2.6 0
0.0 2.2 0.0 3.0 0
0.0 2.2 0.0 3.4 0
0.0 2.2 0.0 3.8 0
0.0 2.2 0.0 4.2 0
0.0 2.2 0.0 4.6000000000000005 0
0.0 2.2 0.0 5.000000000000001 0
0.0 2.6 0.0 -5.0 0
0.0 2.6 0.0 -4.6 0
0.0 2.6 0.0 -4.199999999999999 0
0.0 2.6 0.0 -3.7999999999999994 0
0.0 2.6 0.0 -3.3999999999999995 0
0.0 2.6 0.0 -2.9999999999999996 0
0.0 2.6 0.0 -2.5999999999999996 0
0.0 2.6 0.0 -2.1999999999999997 0
0.0 2.6 0.0 -1.7999999999999998 0
0.0 2.6 0.0 -1.4 0
0.0 2.6 0.0 -0.9999999999999999 0
0.0 2.6 0.0 -0.5999999999999999 0
0.0 2.6 0.0 -0.19999999999999984 0
0.0 2.6 0.0 0.20000000000000018 0
0.0 2.6 0.0 0.6000000000000002 0
0.0 2.6 0.0 1.0000000000000002 0
0.0 2.6 0.0 1.4000000000000004 0
0.0 2.6 0.0 1.8000000000000003 0
0.0 2.6 0.0 2.2 0
0.0 2.6 0.0 2.6 0
0.0 2.6 0.0 3.0 0
0.0 2.6 0.0 3.4 0
0.0 2.6 0.0 3.8 0
0.0 2.6 0.0 4.2 0
0.0 2.6 0.0 4.6000000000000005 0
0.0 2.6 0.0 5.000000000000001 0
0.0 3.0 0.0 -5.0 0
0.0 3.0 0.0 -4.6 0
0.0 3.0 0.0 -4.199999999999999 0
0.0 3.0 0.0 -3.7999999999999994 0
0.0 3.0 0.0 -3.3999999999999995 0
0.0 3.0 0.0 -2.9999999999999996 0
0.0 3.0 0.0 -2.5999999999999996 0
0.0 3.0 0.0 -2.1999999999999997 0
0.0 3.0 0.0 -1.7999999999999998 0
0.0 3.0 0.0 -1.4 0
0.0 3.0 0.0 -0.9999999999999999 0
0.0 3.0 0.0 -0.5999999999999999 0
0.0 3.0 0.0 -0.19999999999999984 0
0.0 3.0 0.0 0.20000000000000018 0
0.0 3.0 0.0 0.6000000000000002 0
0.0 3.0 0.0 1.0000000000000002 0
0.0 3.0 0.0 1.4000000000000004 0
0.0 3.0 0.0 1.8000000000000003 0
0.0 3.0 0.0 2.2 0
0.0 3.0 0.0 2.6 0
0.0 3.0 0.0 3.0 0
0.0 3.0 0.0 3.4 0
0.0 3.0 0.0 3.8 0
0.0 3.0 0.0 4.2 0
0.0 3.0 0.0 4.6000000000000005 0
0.0 3.0 0.0 5.000000000000001 1
0.0 3.4 0.0 -5.0 0
0.0 3.4 0.0 -4.6 0
0.0 3.4 0.0 -4.199999999999999 0
0.0 3.4 0.0 -3.7999999999999994 0
0.0 3.4 0.0 -3.3999999999999995 0
0.0 3.4 0.0 -2.9999999999999996 0
0.0 3.4 0.0 -2.5999999999999996 0
0.0 3.4 0.0 -2.1999999999999997 0
0.0 3.4 0.0 -1.7999999999999998 0
0.0 3.4 0.0 -1.4 0
0.0 3.4 0.0 -0.9999999999999999 0
0.0 3.4 0.0 -0.5999999999999999 0
0.0 3.4 0.0 -0.19999999999999984 0
0.0 3.4 0.0 0.20000000000000018 0
0.0 3.4 0.0 0.6000000000000002 0
0.0 3.4 0.0 1.0000000000000002 0
0.0 3.4 0.0 1.4000000000000004 0
0.0 3.4 0.0 1.8000000000000003 0
0.0 3.4 0.0 2.2 0
0.0 3.4 0.0 2.6 0
0.0 3.4 0.0 3.0 0
0.0 3.4 0.0 3.4 0
0.0 3.4 0.0 3.8 0
0.0 3.4 0.0 4.2 0
0.0 3.4 0.0 4.6000000000000005 1
0.0 3.4 0.0 5.000000000000001 0
0.0 3.8 0.0 -5.0 0
0.0 3.8 0.0 -4.6 0
0.0 3.8 0.0 -4.199999999999999 0
0.0 3.8 0.0 -3.7999999999999994 0
0.0 3.8 0.0 -3.3999999999999995 0
0.0 3.8 0.0 -2.9999999999999996 0
0.0 3.8 0.0 -2.5999999999999996 0
0.0 3.8 0.0 -2.1999999999999997 0
0.0 3.8 0.0 -1.7999999999999998 0
0.0 3.8 0.0 -1.4 0
0.0 3.8 0.0 -0.9999999999999999 0
0.0 3.8 0.0 -0.5999999999999999 0
0.0 3.8 0.0 -0.19999999999999984 0
0.0 3.8 0.0 0.20000000000000018 0
0.0 3.8 0.0 0.6000000000000002 0
0.0 3.8 0.0 1.0000000000000002 0
0.0 3.8 0.0 1.4000000000000004 0
0.0 3.8 0.0 1.8000000000000003 0
0.0 3.8 0.0 2.2 0
0.0 3.8 0.0 2.6 0
0.0 3.8 0.0 3.0 0
0.0 3.8 0.0 3.4 0
0.0 3.8 0.0 3.8 0
0.0 3.8 0.0 4.2 0
0.0 3.8 0.0 4.6000000000000005 0
0.0 3.8 0.0 5.000000000000001 0
0.0 4.2 0.0 -5.0 0
0.0 4.2 0.0 -4.6 0
0.0 4.2 0.0 -4.199999999999999 0
0.0 4.2 0.0 -3.7999999999999994 0
0.0 4.2 0.0 -3.3999999999999995 0
0.0 4.2 0.0 -2.9999999999999996 0
0.0 4.2 0.0 -2.5999999999999996 0
0.0 4.2 0.0 -2.1999999999999997 0
0.0 4.2 0.0 -1.7999999999999998 0
0.0 4.2 0.0 -1.4 0
0.0 4.2 0.0 -0.9999999999999999 0
0.0 4.2 0.0 -0.5999999999999999 0
0.0 4.2 0.0 -0.19999999999999984 0
0.0 4.2 0.0 0.20000000000000018 0
0.0 4.2 0.0 0.6000000000000002 0
0.0 4.2 0.0 1.0000000000000002 0
0.0 4.2 0.0 1.4000000000000004 0
0.0 4.2 0.0 1.8000000000000003 0
0.0 4.2 0.0 2.2 0
0.0 4.2 0.0 2.6 0
0.0 4.2 0.0 3.0 0
0.0 4.2 0.0 3.4 0
0.0 4.2 0.0 3.8 0
0.0 4.2 0.0 4.2 0
0.0 4.2 0.0 4.6000000000000005 0
0.0 4.2 0.0 5.000000000000001 4
0.0 4.6000000000000005 0.0 -5.0 0
0.0 4.6000000000000005 0.0 -4.6 0
0.0 4.6000000000000005 0.0 -4.199999999999999 0
0.0 4.6000000000000005 0.0 -3.7999999999999994 0
0.0 4.6000000000000005 0.0 -3.3999999999999995 0
0.0 4.6000000000000005 0.0 -2.9999999999999996 0
0.0 4.6000000000000005 0.0 -2.5999999999999996 0
0.0 4.6000000000000005 0.0 -2.1999999999999997 0
0.0 4.6000000000000005 0.0 -1.7999999999999998 0
0.0 4.6000000000000005 0.0 -1.4 0
0.0 4.6000000000000005 0.0 -0.9999999999999999 0
0.0 4.6000000000000005 0.0 -0.5999999999999999 0
0.0 4.6000000000000005 0.0 -0.19999999999999984 0
0.0 4.6000000000000005 0.0 0.20000000000000018 0
0.0 4.6000000000000005 0.0 0.6000000000000002 0
0.0 4.6000000000000005 0.0 1.0000000000000002 0
0.0 4.6000000000000005 0.0 1.4000000000000004 0
0.0 4.6000000000000005 0.0 1.8000000000000003 0
0.0 4.6000000000000005 0.0 2.2 0
0.0 4.6000000000000005 0.0 2.6 0
0.0 4.6000000000000005 0.0 3.0 0
0.0 4.6000000000000005 0.0 3.4 0
0.0 4.6000000000000005 0.0 3.8 0
0.0 4.6000000000000005 0.0 4.2 0
0.0 4.6000000000000005 0.0 4.6000000000000005 2
0.0 4.6000000000000005 0.0 5.000000000000001 2
0.0 5.000000000000001 0.0 -5.0 0
0.0 5.000000000000001 0.0 -4.6 0
0.0 5.000000000000001 0.0 -4.199999999999999 0
0.0 5.000000000000001 0.0 -3.7999999999999994 0
0.0 5.000000000000001 0.0 -3.3999999999999995 0
0.0 5.000000000000001 0.0 -2.9999999999999996 0
0.0 5.000000000000001 0.0 -2.5999999999999996 0
0.0 5.000000000000001 0.0 -2.1999999999999997 0
0.0 5.000000000000001 0.0 -1.7999999999999998 0
0.0 5.000000000000001 0.0 -1.4 0
0.0 5.000000000000001 0.0 -0.9999999999999999 0
0.0 5.000000000000001 0.0 -0.5999999999999999 0
0.0 5.000000000000001 0.0 -0.19999999999999984 0
0.0 5.000000000000001 0.0 0.20000000000000018 0
0.0 5.000000000000001 0.0 0.6000000000000002 0
0.0 5.000000000000001 0.0 1.0000000000000002 0
0.0 5.000000000000001 0.0 1.4000000000000004 0
0.0 5.000000000000001 0.0 1.8000000000000003 0
0.0 5.000000000000001 0.0 2.2 0
0.0 5.000000000000001 0.0 2.6 2
0.0 5.000000000000001 0.0 3.0 1
0.0 5.000000000000001 0.0 3.4 0
0.0 5.000000000000001 0.0 3.8 2
0.0 5.000000000000001 0.0 4.2 1
0.0 5.000000000000001 0.0 4.6000000000000005 3
0.0 5.000000000000001 0.0 5.000000000000001 4
