0.0 -25.0 0.0 -25.0 3905.049060519476
0.0 -25.0 0.0 -24.0 2753.6012112185253
0.0 -25.0 0.0 -23.0 5394.150289679202
0.0 -25.0 0.0 -22.0 5797.615815310376
0.0 -25.0 0.0 -21.0 2721.124107511399
0.0 -25.0 0.0 -20.0 2568.213076585611
0.0 -25.0 0.0 -19.0 1440.6220761285624
0.0 -25.0 0.0 -18.0 2375.7239316769137
0.0 -25.0 0.0 -17.0 2209.658458126941
0.0 -25.0 0.0 -16.0 2856.8992181870735
0.0 -25.0 0.0 -15.0 1978.5951500055355
0.0 -25.0 0.0 -14.0 2850.210850622111
0.0 -25.0 0.0 -13.0 3282.4289506930327
0.0 -25.0 0.0 -12.0 1287.3963994902365
0.0 -25.0 0.0 -11.0 3962.649097952764
0.0 -25.0 0.0 -10.0 1078.7683305892263
0.0 -25.0 0.0 -9.0 1638.9958342339175
0.0 -25.0 0.0 -8.0 1135.867389465884
0.0 -25.0 0.0 -7.0 5981.984064299952
0.0 -25.0 0.0 -6.0 3407.323811105947
0.0 -25.0 0.0 -5.0 1762.7343508355757
0.0 -25.0 0.0 -4.0 2057.881893856
0.0 -25.0 0.0 -3.0 1641.7325758703566
0.0 -25.0 0.0 -2.0 3540.6783832089545
0.0 -25.0 0.0 -1.0 1140.3865616537687
0.0 -25.0 0.0 0.0 3084.719738288171
0.0 -25.0 0.0 1.0 1065.6862469582957
0.0 -25.0 0.0 2.0 4799.680772329315
0.0 -25.0 0.0 3.0 1314.6172221610534
0.0 -25.0 0.0 4.0 3591.432143135588
0.0 -25.0 0.0 5.0 2450.0269628048954
0.0 -25.0 0.0 6.0 1871.814702211536
0.0 -25.0 0.0 7.0 4738.284819303739
0.0 -25.0 0.0 8.0 1984.3495473038201
0.0 -25.0 0.0 9.0 3029.0903546183313
0.0 -25.0 0.0 10.0 3699.734782447185
0.0 -25.0 0.0 11.0 2103.149719812288
0.0 -25.0 0.0 12.0 2662.3221165390187
0.0 -25.0 0.0 13.0 1817.9070555508265
0.0 -25.0 0.0 14.0 2183.6584367313135
0.0 -25.0 0.0 15.0 2508.2243854819462
0.0 -25.0 0.0 16.0 1835.4420924023807
0.0 -25.0 0.0 17.0 2406.5488164009867
0.0 -25.0 0.0 18.0 2505.184585662223
0.0 -25.0 0.0 19.0 2267.1745583755282
0.0 -25.0 0.0 20.0 4112.918038269196
0.0 -25.0 0.0 21.0 3109.5081465016156
0.0 -25.0 0.0 22.0 2159.548322721714
0.0 -25.0 0.0 23.0 1548.7260262657392
0.0 -25.0 0.0 24.0 2128.8464984931197
0.0 -25.0 0.0 25.0 2220.9296312846827
0.0 -24.0 0.0 -25.0 8058.212024327881
0.0 -24.0 0.0 -24.0 502.28026588065507
0.0 -24.0 0.0 -23.0 3000.108499585407
0.0 -24.0 0.0 -22.0 1385.0004556147478
0.0 -24.0 0.0 -21.0 3843.2018348023144
0.0 -24.0 0.0 -20.0 2850.0572170805935
0.0 -24.0 0.0 -19.0 2051.3915903854586
0.0 -24.0 0.0 -18.0 1052.7993135980441
0.0 -24.0 0.0 -17.0 866.4599025731751
0.0 -24.0 0.0 -16.0 1922.1415485775312
0.0 -24.0 0.0 -15.0 2905.879655814562
0.0 -24.0 0.0 -14.0 4405.253745633138
0.0 -24.0 0.0 -13.0 1502.3779183470283
0.0 -24.0 0.0 -12.0 1812.224775586565
0.0 -24.0 0.0 -11.0 1372.2779177901252
0.0 -24.0 0.0 -10.0 2641.416622306418
0.0 -24.0 0.0 -9.0 1840.4702516499224
0.0 -24.0 0.0 -8.0 4455.408537373051
0.0 -24.0 0.0 -7.0 1523.8015333562143
0.0 -24.0 0.0 -6.0 3508.0496525852354
0.0 -24.0 0.0 -5.0 2470.187231050698
0.0 -24.0 0.0 -4.0 3720.515370073944
0.0 -24.0 0.0 -3.0 6652.779015640099
0.0 -24.0 0.0 -2.0 3086.777112898047
0.0 -24.0 0.0 -1.0 5080.918367020162
0.0 -24.0 0.0 0.0 1634.5422646636837
0.0 -24.0 0.0 1.0 1149.2467170572504
0.0 -24.0 0.0 2.0 786.2077170035292
0.0 -24.0 0.0 3.0 2081.2658594091645
0.0 -24.0 0.0 4.0 4844.876286461262
0.0 -24.0 0.0 5.0 989.7325924789236
0.0 -24.0 0.0 6.0 2606.077182795265
0.0 -24.0 0.0 7.0 2658.0045802910918
0.0 -24.0 0.0 8.0 1770.0494956274783
0.0 -24.0 0.0 9.0 4044.116439998072
0.0 -24.0 0.0 10.0 2941.7344189568594
0.0 -24.0 0.0 11.0 1878.9775702080638
0.0 -24.0 0.0 12.0 3244.9992506321514
0.0 -24.0 0.0 13.0 1964.5874609101033
0.0 -24.0 0.0 14.0 2464.5514446730917
0.0 -24.0 0.0 15.0 1871.2309363629786
0.0 -24.0 0.0 16.0 1102.4097867487872
0.0 -24.0 0.0 17.0 2764.7582932485816
0.0 -24.0 0.0 18.0 4684.413398330586
0.0 -24.0 0.0 19.0 2663.9024790155263
0.0 -24.0 0.0 20.0 2018.4436214569498
0.0 -24.0 0.0 21.0 2886.3228021034647
0.0 -24.0 0.0 22.0 2299.1387955000623
0.0 -24.0 0.0 23.0 4449.2404892092545
0.0 -24.0 0.0 24.0 1800.9579383966775
0.0 -24.0 0.0 25.0 3790.840560597525
0.0 -23.0 0.0 -25.0 4715.593434522306
0.0 -23.0 0.0 -24.0 4051.83940416763
0.0 -23.0 0.0 -23.0 659.3203914083858
0.0 -23.0 0.0 -22.0 1772.1617762298274
0.0 -23.0 0.0 -21.0 2206.5814302162507
0.0 -23.0 0.0 -20.0 4589.348505449221
0.0 -23.0 0.0 -19.0 2943.471160051904
0.0 -23.0 0.0 -18.0 1280.640411382734
0.0 -23.0 0.0 -17.0 3229.2421379308485
0.0 -23.0 0.0 -16.0 2407.779008573152
0.0 -23.0 0.0 -15.0 5490.805667519296
0.0 -23.0 0.0 -14.0 752.8048140329164
0.0 -23.0 0.0 -13.0 1367.1557973568727
0.0 -23.0 0.0 -12.0 3158.039293198285
0.0 -23.0 0.0 -11.0 8185.899754617953
0.0 -23.0 0.0 -10.0 2443.847607744455
0.0 -23.0 0.0 -9.0 4003.9567310835128
0.0 -23.0 0.0 -8.0 1566.0715398993864
0.0 -23.0 0.0 -7.0 1827.834092842768
0.0 -23.0 0.0 -6.0 3123.615339013301
0.0 -23.0 0.0 -5.0 3142.580123872693
0.0 -23.0 0.0 -4.0 2307.7057132376813
0.0 -23.0 0.0 -3.0 1505.0072739019183
0.0 -23.0 0.0 -2.0 1443.2888637937692
0.0 -23.0 0.0 -1.0 1290.1366897411522
0.0 -23.0 0.0 0.0 1586.923109350955
0.0 -23.0 0.0 1.0 3462.4569792021266
0.0 -23.0 0.0 2.0 1928.0207291468782
0.0 -23.0 0.0 3.0 1014.2026476226242
0.0 -23.0 0.0 4.0 2241.0789048981655
0.0 -23.0 0.0 5.0 3780.948021753994
0.0 -23.0 0.0 6.0 2046.1374835900342
0.0 -23.0 0.0 7.0 1282.2591268691954
0.0 -23.0 0.0 8.0 1300.630750354585
0.0 -23.0 0.0 9.0 4392.194653533373
0.0 -23.0 0.0 10.0 2889.149324793997
0.0 -23.0 0.0 11.0 3114.890747564222
0.0 -23.0 0.0 12.0 2781.9014308221576
0.0 -23.0 0.0 13.0 2260.6357274548022
0.0 -23.0 0.0 14.0 1536.3217095172008
0.0 -23.0 0.0 15.0 2118.9252843679556
0.0 -23.0 0.0 16.0 1289.4160452460674
0.0 -23.0 0.0 17.0 2685.7654667566335
0.0 -23.0 0.0 18.0 2000.7766905062554
0.0 -23.0 0.0 19.0 1884.6024295436857
0.0 -23.0 0.0 20.0 1976.8462883891088
0.0 -23.0 0.0 21.0 2328.005049412959
0.0 -23.0 0.0 22.0 2790.8631515576494
0.0 -23.0 0.0 23.0 2292.812380067997
0.0 -23.0 0.0 24.0 3954.932675058231
0.0 -23.0 0.0 25.0 1641.2923736430007
0.0 -22.0 0.0 -25.0 1548.12624031285
0.0 -22.0 0.0 -24.0 1583.032700803726
0.0 -22.0 0.0 -23.0 1234.6169853350757
0.0 -22.0 0.0 -22.0 1681.2416575465354
0.0 -22.0 0.0 -21.0 813.7495484607492
0.0 -22.0 0.0 -20.0 5509.327548315949
0.0 -22.0 0.0 -19.0 2174.270240777705
0.0 -22.0 0.0 -18.0 2591.0430577962657
0.0 -22.0 0.0 -17.0 4085.0473489675737
0.0 -22.0 0.0 -16.0 3658.824384600649
0.0 -22.0 0.0 -15.0 4564.92932882886
0.0 -22.0 0.0 -14.0 7137.665682052261
0.0 -22.0 0.0 -13.0 1078.7045285424347
0.0 -22.0 0.0 -12.0 1257.260426432805
0.0 -22.0 0.0 -11.0 1197.056152701002
0.0 -22.0 0.0 -10.0 2937.661899758224
0.0 -22.0 0.0 -9.0 1434.5505775151732
0.0 -22.0 0.0 -8.0 4905.72051201547
0.0 -22.0 0.0 -7.0 766.970399056078
0.0 -22.0 0.0 -6.0 2959.9588402923396
0.0 -22.0 0.0 -5.0 872.3276397635643
0.0 -22.0 0.0 -4.0 2949.575987119418
0.0 -22.0 0.0 -3.0 3179.776713119941
0.0 -22.0 0.0 -2.0 4511.901442329777
0.0 -22.0 0.0 -1.0 1937.5609378976196
0.0 -22.0 0.0 0.0 2651.2127736000966
0.0 -22.0 0.0 1.0 2712.315009594257
0.0 -22.0 0.0 2.0 2312.625544194356
0.0 -22.0 0.0 3.0 3506.016276226412
0.0 -22.0 0.0 4.0 3177.323167603226
0.0 -22.0 0.0 5.0 2647.9898528341255
0.0 -22.0 0.0 6.0 1944.500247493923
0.0 -22.0 0.0 7.0 2133.116275736112
0.0 -22.0 0.0 8.0 4497.5402135434215
0.0 -22.0 0.0 9.0 2808.650891773998
0.0 -22.0 0.0 10.0 4086.309059860831
0.0 -22.0 0.0 11.0 2258.7871599736422
0.0 -22.0 0.0 12.0 2377.131298126753
0.0 -22.0 0.0 13.0 1605.5162955584842
0.0 -22.0 0.0 14.0 2289.3730800170683
0.0 -22.0 0.0 15.0 1274.1407264275635
0.0 -22.0 0.0 16.0 2781.612824870159
0.0 -22.0 0.0 17.0 1702.04980423901
0.0 -22.0 0.0 18.0 1833.5598398719499
0.0 -22.0 0.0 19.0 3004.1005152783105
0.0 -22.0 0.0 20.0 2458.4406299916604
0.0 -22.0 0.0 21.0 2713.731887448177
0.0 -22.0 0.0 22.0 1873.9274119148936
0.0 -22.0 0.0 23.0 2627.2785305474126
0.0 -22.0 0.0 24.0 4054.063646597901
0.0 -22.0 0.0 25.0 1065.321490458802
0.0 -21.0 0.0 -25.0 2869.2894962225305
0.0 -21.0 0.0 -24.0 1755.2216471854663
0.0 -21.0 0.0 -23.0 4652.948564722953
0.0 -21.0 0.0 -22.0 1356.919123945107
0.0 -21.0 0.0 -21.0 3615.9939410761767
0.0 -21.0 0.0 -20.0 1519.0247746322705
0.0 -21.0 0.0 -19.0 1714.8594057624587
0.0 -21.0 0.0 -18.0 2896.445668758939
0.0 -21.0 0.0 -17.0 2498.208211813806
0.0 -21.0 0.0 -16.0 2101.2935577709036
0.0 -21.0 0.0 -15.0 1528.6458157912432
0.0 -21.0 0.0 -14.0 2677.1743076579255
0.0 -21.0 0.0 -13.0 4498.395765795453
0.0 -21.0 0.0 -12.0 4873.8976525333865
0.0 -21.0 0.0 -11.0 1156.4229141056096
0.0 -21.0 0.0 -10.0 1240.485842036554
0.0 -21.0 0.0 -9.0 1462.8225824000315
0.0 -21.0 0.0 -8.0 2162.5883232133033
0.0 -21.0 0.0 -7.0 1963.0660108187287
0.0 -21.0 0.0 -6.0 1994.8865834105309
0.0 -21.0 0.0 -5.0 1429.8280301230907
0.0 -21.0 0.0 -4.0 3529.154496701088
0.0 -21.0 0.0 -3.0 2339.808469944604
0.0 -21.0 0.0 -2.0 1192.8113337218697
0.0 -21.0 0.0 -1.0 624.8956153908841
0.0 -21.0 0.0 0.0 5639.222137350709
0.0 -21.0 0.0 1.0 910.1807544068859
0.0 -21.0 0.0 2.0 1258.736680162176
0.0 -21.0 0.0 3.0 3274.0556975176955
0.0 -21.0 0.0 4.0 1082.3829286481719
0.0 -21.0 0.0 5.0 4456.827497642478
0.0 -21.0 0.0 6.0 3470.5724198994626
0.0 -21.0 0.0 7.0 2236.1297462056054
0.0 -21.0 0.0 8.0 2424.7985509424507
0.0 -21.0 0.0 9.0 1840.3699872404668
0.0 -21.0 0.0 10.0 3604.8742914173827
0.0 -21.0 0.0 11.0 2667.5784706538216
0.0 -21.0 0.0 12.0 1381.0499227989912
0.0 -21.0 0.0 13.0 2070.8753367768445
0.0 -21.0 0.0 14.0 800.2086867370118
0.0 -21.0 0.0 15.0 2220.080985629946
0.0 -21.0 0.0 16.0 3713.026063826469
0.0 -21.0 0.0 17.0 3302.5549826417705
0.0 -21.0 0.0 18.0 2532.5011245650394
0.0 -21.0 0.0 19.0 3024.176762394567
0.0 -21.0 0.0 20.0 2020.1052836252697
0.0 -21.0 0.0 21.0 1391.0108888291568
0.0 -21.0 0.0 22.0 1593.958359175394
0.0 -21.0 0.0 23.0 2023.3781494135585
0.0 -21.0 0.0 24.0 1508.4080096303637
0.0 -21.0 0.0 25.0 2659.7190372329783
0.0 -20.0 0.0 -25.0 3864.6372880420804
0.0 -20.0 0.0 -24.0 3485.7426999812274
0.0 -20.0 0.0 -23.0 3741.0015445049025
0.0 -20.0 0.0 -22.0 5226.496684138833
0.0 -20.0 0.0 -21.0 1370.1520856849247
0.0 -20.0 0.0 -20.0 1979.4772606550414
0.0 -20.0 0.0 -19.0 3264.8016005709164
0.0 -20.0 0.0 -18.0 785.0001512286191
0.0 -20.0 0.0 -17.0 1438.6596722397305
0.0 -20.0 0.0 -16.0 5458.818363821572
0.0 -20.0 0.0 -15.0 1526.5997440148399
0.0 -20.0 0.0 -14.0 3413.2290987901674
0.0 -20.0 0.0 -13.0 1251.6095261287812
0.0 -20.0 0.0 -12.0 3516.661153361967
0.0 -20.0 0.0 -11.0 2446.562078917534
0.0 -20.0 0.0 -10.0 2680.2861936382524
0.0 -20.0 0.0 -9.0 1617.4081487652395
0.0 -20.0 0.0 -8.0 3895.7124563475263
0.0 -20.0 0.0 -7.0 4726.480434853445
0.0 -20.0 0.0 -6.0 1922.1600857110157
0.0 -20.0 0.0 -5.0 2448.606669755811
0.0 -20.0 0.0 -4.0 3174.9048499330493
0.0 -20.0 0.0 -3.0 1376.0531609140708
0.0 -20.0 0.0 -2.0 2370.9282200316034
0.0 -20.0 0.0 -1.0 3710.623798641248
0.0 -20.0 0.0 0.0 3619.0746605217983
0.0 -20.0 0.0 1.0 1991.282760546865
0.0 -20.0 0.0 2.0 2058.243879803776
0.0 -20.0 0.0 3.0 3620.2900466546785
0.0 -20.0 0.0 4.0 2166.0844682153565
0.0 -20.0 0.0 5.0 3137.8870846291875
0.0 -20.0 0.0 6.0 3443.1276732567703
0.0 -20.0 0.0 7.0 2060.898791787699
0.0 -20.0 0.0 8.0 1149.1403412108075
0.0 -20.0 0.0 9.0 2308.440014459099
0.0 -20.0 0.0 10.0 3581.754278153103
0.0 -20.0 0.0 11.0 2463.5402707168305
0.0 -20.0 0.0 12.0 1775.2407374152285
0.0 -20.0 0.0 13.0 1874.3766395527746
0.0 -20.0 0.0 14.0 2411.357342160525
0.0 -20.0 0.0 15.0 2208.166709834077
0.0 -20.0 0.0 16.0 2172.7226369691243
0.0 -20.0 0.0 17.0 2222.700915006543
0.0 -20.0 0.0 18.0 2868.392727730892
0.0 -20.0 0.0 19.0 2068.7242660784414
0.0 -20.0 0.0 20.0 2287.5967553227993
0.0 -20.0 0.0 21.0 1721.933330997511
0.0 -20.0 0.0 22.0 1934.8302154196665
0.0 -20.0 0.0 23.0 2457.965041488127
0.0 -20.0 0.0 24.0 1650.0013876027972
0.0 -20.0 0.0 25.0 1236.366262849325
0.0 -19.0 0.0 -25.0 3108.95808923544
0.0 -19.0 0.0 -24.0 2950.7778064408344
0.0 -19.0 0.0 -23.0 1724.3509831170988
0.0 -19.0 0.0 -22.0 1222.6107243648353
0.0 -19.0 0.0 -21.0 4905.949621775439
0.0 -19.0 0.0 -20.0 5117.3259903359985
0.0 -19.0 0.0 -19.0 2993.1064845383553
0.0 -19.0 0.0 -18.0 3645.5647695503303
0.0 -19.0 0.0 -17.0 3392.53814571322
0.0 -19.0 0.0 -16.0 1902.5201936244337
0.0 -19.0 0.0 -15.0 2781.3177169624373
0.0 -19.0 0.0 -14.0 2632.997549668933
0.0 -19.0 0.0 -13.0 4017.556290186499
0.0 -19.0 0.0 -12.0 820.5199039761898
0.0 -19.0 0.0 -11.0 1311.4479541688843
0.0 -19.0 0.0 -10.0 5662.730716698098
0.0 -19.0 0.0 -9.0 1136.5945715023138
0.0 -19.0 0.0 -8.0 4250.473385142193
0.0 -19.0 0.0 -7.0 2192.0664803145673
0.0 -19.0 0.0 -6.0 2768.276493950317
0.0 -19.0 0.0 -5.0 3823.2111862381944
0.0 -19.0 0.0 -4.0 5317.948878239841
0.0 -19.0 0.0 -3.0 2928.305131428584
0.0 -19.0 0.0 -2.0 3519.500785438523
0.0 -19.0 0.0 -1.0 441.7994085289447
0.0 -19.0 0.0 0.0 3038.328269793176
0.0 -19.0 0.0 1.0 727.6569927232154
0.0 -19.0 0.0 2.0 2719.6250851658847
0.0 -19.0 0.0 3.0 4116.39098220675
0.0 -19.0 0.0 4.0 4118.302417609522
0.0 -19.0 0.0 5.0 2552.4797721000914
0.0 -19.0 0.0 6.0 3687.075907501657
0.0 -19.0 0.0 7.0 1478.3126168526962
0.0 -19.0 0.0 8.0 2214.737258703424
0.0 -19.0 0.0 9.0 2315.5145961069265
0.0 -19.0 0.0 10.0 1803.3112018126135
0.0 -19.0 0.0 11.0 3161.908350886014
0.0 -19.0 0.0 12.0 2585.58479639011
0.0 -19.0 0.0 13.0 1997.0636294546482
0.0 -19.0 0.0 14.0 1883.927844867787
0.0 -19.0 0.0 15.0 1625.5434519188975
0.0 -19.0 0.0 16.0 1861.4525785409787
0.0 -19.0 0.0 17.0 1294.6488431668306
0.0 -19.0 0.0 18.0 2509.755700182671
0.0 -19.0 0.0 19.0 1968.4826749290096
0.0 -19.0 0.0 20.0 2554.3680806497628
0.0 -19.0 0.0 21.0 1260.4864896413162
0.0 -19.0 0.0 22.0 1714.5840493604533
0.0 -19.0 0.0 23.0 2305.751248943235
0.0 -19.0 0.0 24.0 2430.133050672276
0.0 -19.0 0.0 25.0 1531.8329468857532
0.0 -18.0 0.0 -25.0 2464.772491866252
0.0 -18.0 0.0 -24.0 3739.168049628435
0.0 -18.0 0.0 -23.0 3606.725035930846
0.0 -18.0 0.0 -22.0 1758.2009249936507
0.0 -18.0 0.0 -21.0 3553.096004545926
0.0 -18.0 0.0 -20.0 3339.8618502750155
0.0 -18.0 0.0 -19.0 1073.5416804025947
0.0 -18.0 0.0 -18.0 2577.05411713804
0.0 -18.0 0.0 -17.0 2101.187918605211
0.0 -18.0 0.0 -16.0 4306.300829910484
0.0 -18.0 0.0 -15.0 1232.7464982090255
0.0 -18.0 0.0 -14.0 2956.5936347443494
0.0 -18.0 0.0 -13.0 2475.616485523349
0.0 -18.0 0.0 -12.0 5432.295277584288
0.0 -18.0 0.0 -11.0 2049.0069886298006
0.0 -18.0 0.0 -10.0 1771.6216052413724
0.0 -18.0 0.0 -9.0 1934.3859684705103
0.0 -18.0 0.0 -8.0 2552.1573893636482
0.0 -18.0 0.0 -7.0 6927.878120688967
0.0 -18.0 0.0 -6.0 5407.500214375274
0.0 -18.0 0.0 -5.0 3031.410193733188
0.0 -18.0 0.0 -4.0 1211.4881376952858
0.0 -18.0 0.0 -3.0 2712.981615323782
0.0 -18.0 0.0 -2.0 3649.865423534147
0.0 -18.0 0.0 -1.0 812.9144352277209
0.0 -18.0 0.0 0.0 2412.386477940976
0.0 -18.0 0.0 1.0 3196.944017280606
0.0 -18.0 0.0 2.0 4336.070234992358
0.0 -18.0 0.0 3.0 3779.257570932119
0.0 -18.0 0.0 4.0 1033.2045542148376
0.0 -18.0 0.0 5.0 1970.2360446464995
0.0 -18.0 0.0 6.0 3813.3820683538456
0.0 -18.0 0.0 7.0 2087.357603188117
0.0 -18.0 0.0 8.0 2739.4321580583737
0.0 -18.0 0.0 9.0 1589.801972095111
0.0 -18.0 0.0 10.0 2775.1101848178173
0.0 -18.0 0.0 11.0 625.514906335671
0.0 -18.0 0.0 12.0 1535.2946758133755
0.0 -18.0 0.0 13.0 1739.7361835546953
0.0 -18.0 0.0 14.0 1429.1763488838383
0.0 -18.0 0.0 15.0 2512.556472792737
0.0 -18.0 0.0 16.0 1338.3232301284588
0.0 -18.0 0.0 17.0 1588.919962832789
0.0 -18.0 0.0 18.0 1442.3664189372537
0.0 -18.0 0.0 19.0 1787.2432195205433
0.0 -18.0 0.0 20.0 1680.49156097237
0.0 -18.0 0.0 21.0 1196.427056162148
0.0 -18.0 0.0 22.0 1756.4116429293022
0.0 -18.0 0.0 23.0 2447.3810678931104
0.0 -18.0 0.0 24.0 1960.8422906489357
0.0 -18.0 0.0 25.0 1542.3390688489028
0.0 -17.0 0.0 -25.0 2263.6628500050715
0.0 -17.0 0.0 -24.0 2887.7805005157056
0.0 -17.0 0.0 -23.0 1468.7185395267602
0.0 -17.0 0.0 -22.0 5474.6503352823565
0.0 -17.0 0.0 -21.0 3307.1597318359645
0.0 -17.0 0.0 -20.0 1559.110820463888
0.0 -17.0 0.0 -19.0 1396.6550013587175
0.0 -17.0 0.0 -18.0 3697.371659016084
0.0 -17.0 0.0 -17.0 4712.657386204497
0.0 -17.0 0.0 -16.0 2093.0923595107383
0.0 -17.0 0.0 -15.0 4393.302598217835
0.0 -17.0 0.0 -14.0 3099.51452935815
0.0 -17.0 0.0 -13.0 3884.3525914161105
0.0 -17.0 0.0 -12.0 1546.3482062655826
0.0 -17.0 0.0 -11.0 2794.438648365629
0.0 -17.0 0.0 -10.0 4043.076715551334
0.0 -17.0 0.0 -9.0 1389.0026625413877
0.0 -17.0 0.0 -8.0 1114.9196359486375
0.0 -17.0 0.0 -7.0 4185.057521860964
0.0 -17.0 0.0 -6.0 4175.99401662267
0.0 -17.0 0.0 -5.0 585.5835196277384
0.0 -17.0 0.0 -4.0 3654.413483781373
0.0 -17.0 0.0 -3.0 3512.062468727813
0.0 -17.0 0.0 -2.0 4876.193807573762
0.0 -17.0 0.0 -1.0 4298.236060720548
0.0 -17.0 0.0 0.0 1964.7339677746018
0.0 -17.0 0.0 1.0 4339.655099605135
0.0 -17.0 0.0 2.0 2302.7265566705223
0.0 -17.0 0.0 3.0 3073.8277609738197
0.0 -17.0 0.0 4.0 2036.9246559106505
0.0 -17.0 0.0 5.0 1253.2772557449596
0.0 -17.0 0.0 6.0 1793.1398180248616
0.0 -17.0 0.0 7.0 2795.3253966364086
0.0 -17.0 0.0 8.0 2432.852435144884
0.0 -17.0 0.0 9.0 1944.9091314289444
0.0 -17.0 0.0 10.0 1511.251989819313
0.0 -17.0 0.0 11.0 1809.9898491272738
0.0 -17.0 0.0 12.0 1318.9262504258568
0.0 -17.0 0.0 13.0 1484.1755272567175
0.0 -17.0 0.0 14.0 899.7137594763512
0.0 -17.0 0.0 15.0 1405.5434220142383
0.0 -17.0 0.0 16.0 1771.7783210931864
0.0 -17.0 0.0 17.0 1310.6235137213819
0.0 -17.0 0.0 18.0 1421.708879220042
0.0 -17.0 0.0 19.0 1019.9271498745356
0.0 -17.0 0.0 20.0 1014.200365999429
0.0 -17.0 0.0 21.0 1462.8032913797933
0.0 -17.0 0.0 22.0 1374.846669186725
0.0 -17.0 0.0 23.0 1077.0679930087058
0.0 -17.0 0.0 24.0 2511.523725902952
0.0 -17.0 0.0 25.0 1545.814938954175
0.0 -16.0 0.0 -25.0 4171.420255583758
0.0 -16.0 0.0 -24.0 2476.160406768307
0.0 -16.0 0.0 -23.0 1443.7013913154917
0.0 -16.0 0.0 -22.0 3043.8564258668785
0.0 -16.0 0.0 -21.0 1926.052704028081
0.0 -16.0 0.0 -20.0 3547.3772544517196
0.0 -16.0 0.0 -19.0 1233.8303789055378
0.0 -16.0 0.0 -18.0 2196.25070950763
0.0 -16.0 0.0 -17.0 2468.251625580821
0.0 -16.0 0.0 -16.0 4499.887917929015
0.0 -16.0 0.0 -15.0 4927.4657578701
0.0 -16.0 0.0 -14.0 1588.548082791046
0.0 -16.0 0.0 -13.0 2322.9407345428294
0.0 -16.0 0.0 -12.0 869.3515086674001
0.0 -16.0 0.0 -11.0 1319.2965609652717
0.0 -16.0 0.0 -10.0 2619.0384168721603
0.0 -16.0 0.0 -9.0 1209.437476787495
0.0 -16.0 0.0 -8.0 5214.658768679168
0.0 -16.0 0.0 -7.0 1023.4761887668691
0.0 -16.0 0.0 -6.0 1849.1727502865374
0.0 -16.0 0.0 -5.0 2126.140259314666
0.0 -16.0 0.0 -4.0 2824.169346540503
0.0 -16.0 0.0 -3.0 4291.110916312559
0.0 -16.0 0.0 -2.0 2844.542450072932
0.0 -16.0 0.0 -1.0 1960.1196473019502
0.0 -16.0 0.0 0.0 2915.0769050168733
0.0 -16.0 0.0 1.0 2512.2577477916157
0.0 -16.0 0.0 2.0 1986.0944087413827
0.0 -16.0 0.0 3.0 2826.712578022701
0.0 -16.0 0.0 4.0 1591.6940235866252
0.0 -16.0 0.0 5.0 1609.567455136754
0.0 -16.0 0.0 6.0 1787.320730750901
0.0 -16.0 0.0 7.0 2104.146343279234
0.0 -16.0 0.0 8.0 1682.3370657943478
0.0 -16.0 0.0 9.0 1733.7689628748792
0.0 -16.0 0.0 10.0 1774.3979976529786
0.0 -16.0 0.0 11.0 1379.6247478775144
0.0 -16.0 0.0 12.0 1447.46839838816
0.0 -16.0 0.0 13.0 1583.8227920742547
0.0 -16.0 0.0 14.0 2058.5546409908907
0.0 -16.0 0.0 15.0 1106.285461374677
0.0 -16.0 0.0 16.0 1210.677438539658
0.0 -16.0 0.0 17.0 1989.3731706045971
0.0 -16.0 0.0 18.0 952.2480844747103
0.0 -16.0 0.0 19.0 1052.3517159753846
0.0 -16.0 0.0 20.0 1512.1324119071905
0.0 -16.0 0.0 21.0 1866.5661419393527
0.0 -16.0 0.0 22.0 1305.6267270282117
0.0 -16.0 0.0 23.0 1906.8914348812928
0.0 -16.0 0.0 24.0 1559.1368830359488
0.0 -16.0 0.0 25.0 0.0018072158925508445
0.0 -15.0 0.0 -25.0 1088.073261818262
0.0 -15.0 0.0 -24.0 2028.9995187475024
0.0 -15.0 0.0 -23.0 2417.9270794625522
0.0 -15.0 0.0 -22.0 5327.882514131688
0.0 -15.0 0.0 -21.0 703.7972802040454
0.0 -15.0 0.0 -20.0 3116.5787695030294
0.0 -15.0 0.0 -19.0 2090.7132690097333
0.0 -15.0 0.0 -18.0 2509.1467578063425
0.0 -15.0 0.0 -17.0 2059.3935105121445
0.0 -15.0 0.0 -16.0 3848.7361715828765
0.0 -15.0 0.0 -15.0 2902.580912662679
0.0 -15.0 0.0 -14.0 1705.662409463632
0.0 -15.0 0.0 -13.0 993.7681763854835
0.0 -15.0 0.0 -12.0 1850.2283394768447
0.0 -15.0 0.0 -11.0 3164.953910820273
0.0 -15.0 0.0 -10.0 5392.289388736061
0.0 -15.0 0.0 -9.0 3093.3094077226115
0.0 -15.0 0.0 -8.0 4187.9205580175585
0.0 -15.0 0.0 -7.0 3080.0130426815376
0.0 -15.0 0.0 -6.0 2403.932745925338
0.0 -15.0 0.0 -5.0 4571.558398091021
0.0 -15.0 0.0 -4.0 2337.243418129425
0.0 -15.0 0.0 -3.0 3031.283641431158
0.0 -15.0 0.0 -2.0 2960.4603365555445
0.0 -15.0 0.0 -1.0 2083.0614824294767
0.0 -15.0 0.0 0.0 2621.469334014945
0.0 -15.0 0.0 1.0 1811.9861113870415
0.0 -15.0 0.0 2.0 1370.4910928105612
0.0 -15.0 0.0 3.0 2901.235151228543
0.0 -15.0 0.0 4.0 1889.6542751263205
0.0 -15.0 0.0 5.0 1800.74746908298
0.0 -15.0 0.0 6.0 1658.100290461187
0.0 -15.0 0.0 7.0 1655.439085185812
0.0 -15.0 0.0 8.0 1426.8813037331024
0.0 -15.0 0.0 9.0 1824.8183759198082
0.0 -15.0 0.0 10.0 1159.3709358762237
0.0 -15.0 0.0 11.0 1069.4202930521844
0.0 -15.0 0.0 12.0 1375.676474161289
0.0 -15.0 0.0 13.0 1232.5875406806654
0.0 -15.0 0.0 14.0 929.007387121482
0.0 -15.0 0.0 15.0 1253.33980840131
0.0 -15.0 0.0 16.0 978.8878496873411
0.0 -15.0 0.0 17.0 1072.571950949545
0.0 -15.0 0.0 18.0 1237.6458529289116
0.0 -15.0 0.0 19.0 2165.0388462569194
0.0 -15.0 0.0 20.0 873.8142927673184
0.0 -15.0 0.0 21.0 1467.9928333138048
0.0 -15.0 0.0 22.0 1872.170018605754
0.0 -15.0 0.0 23.0 0.019818097779848356
0.0 -15.0 0.0 24.0 0.04712600010017144
0.0 -15.0 0.0 25.0 0.015964260615442302
0.0 -14.0 0.0 -25.0 4389.167073954856
0.0 -14.0 0.0 -24.0 5146.52571356815
0.0 -14.0 0.0 -23.0 2940.863226262943
0.0 -14.0 0.0 -22.0 1307.6951533216418
0.0 -14.0 0.0 -21.0 903.2446385725
0.0 -14.0 0.0 -20.0 2995.062327421162
0.0 -14.0 0.0 -19.0 3261.653730648228
0.0 -14.0 0.0 -18.0 1698.0205301670615
0.0 -14.0 0.0 -17.0 2038.76053908006
0.0 -14.0 0.0 -16.0 1741.0922257092745
0.0 -14.0 0.0 -15.0 4033.3551737674807
0.0 -14.0 0.0 -14.0 2602.182155870842
0.0 -14.0 0.0 -13.0 3658.8283117850683
0.0 -14.0 0.0 -12.0 2024.1949910629232
0.0 -14.0 0.0 -11.0 1651.850695287754
0.0 -14.0 0.0 -10.0 744.5864553888584
0.0 -14.0 0.0 -9.0 1069.1320341642001
0.0 -14.0 0.0 -8.0 2106.3969549580884
0.0 -14.0 0.0 -7.0 1846.4681219930449
0.0 -14.0 0.0 -6.0 1895.666647985916
0.0 -14.0 0.0 -5.0 1945.6120145855766
0.0 -14.0 0.0 -4.0 1202.46487561218
0.0 -14.0 0.0 -3.0 2254.7778567437645
0.0 -14.0 0.0 -2.0 1942.5488141961994
0.0 -14.0 0.0 -1.0 735.5790191005111
0.0 -14.0 0.0 0.0 1608.0373970758344
0.0 -14.0 0.0 1.0 2906.1071312039326
0.0 -14.0 0.0 2.0 1604.1570473810236
0.0 -14.0 0.0 3.0 1007.400441812679
0.0 -14.0 0.0 4.0 1336.5077705647118
0.0 -14.0 0.0 5.0 1331.0308374409296
0.0 -14.0 0.0 6.0 1603.3393952100678
0.0 -14.0 0.0 7.0 1025.2192103629206
0.0 -14.0 0.0 8.0 1513.7003984280968
0.0 -14.0 0.0 9.0 1274.0290397949839
0.0 -14.0 0.0 10.0 742.6580081065309
0.0 -14.0 0.0 11.0 1438.1717867068512
0.0 -14.0 0.0 12.0 742.1073681917894
0.0 -14.0 0.0 13.0 421.15821783235685
0.0 -14.0 0.0 14.0 1131.0825684261056
0.0 -14.0 0.0 15.0 918.7982012657149
0.0 -14.0 0.0 16.0 571.9964932237172
0.0 -14.0 0.0 17.0 860.8964036777667
0.0 -14.0 0.0 18.0 667.8741458174321
0.0 -14.0 0.0 19.0 1146.2653256249282
0.0 -14.0 0.0 20.0 1419.407991901432
0.0 -14.0 0.0 21.0 1214.1089427303416
0.0 -14.0 0.0 22.0 0.0017312741777453036
0.0 -14.0 0.0 23.0 1748.2835308155577
0.0 -14.0 0.0 24.0 1449.3236769324303
0.0 -14.0 0.0 25.0 1798.6583886847848
0.0 -13.0 0.0 -25.0 4255.123976673572
0.0 -13.0 0.0 -24.0 3304.08960946757
0.0 -13.0 0.0 -23.0 2198.486372467979
0.0 -13.0 0.0 -22.0 1343.333329964543
0.0 -13.0 0.0 -21.0 2533.2258436243865
0.0 -13.0 0.0 -20.0 1006.4079417447269
0.0 -13.0 0.0 -19.0 1613.5987753944073
0.0 -13.0 0.0 -18.0 4789.872575840358
0.0 -13.0 0.0 -17.0 3520.182831298554
0.0 -13.0 0.0 -16.0 2455.369557260373
0.0 -13.0 0.0 -15.0 1478.5306141375938
0.0 -13.0 0.0 -14.0 4678.875323930496
0.0 -13.0 0.0 -13.0 2749.4763980956354
0.0 -13.0 0.0 -12.0 2341.5994749861793
0.0 -13.0 0.0 -11.0 3046.3315466076538
0.0 -13.0 0.0 -10.0 1939.3069751028575
0.0 -13.0 0.0 -9.0 4313.327094868649
0.0 -13.0 0.0 -8.0 2586.1835445668944
0.0 -13.0 0.0 -7.0 1885.585000365786
0.0 -13.0 0.0 -6.0 1309.296547524422
0.0 -13.0 0.0 -5.0 1527.5617371878486
0.0 -13.0 0.0 -4.0 2758.880222195764
0.0 -13.0 0.0 -3.0 3054.2639190930854
0.0 -13.0 0.0 -2.0 2218.3778208302933
0.0 -13.0 0.0 -1.0 1523.5724911411824
0.0 -13.0 0.0 0.0 2058.1458439653984
0.0 -13.0 0.0 1.0 1442.3483555577836
0.0 -13.0 0.0 2.0 1829.0471743163257
0.0 -13.0 0.0 3.0 1762.7940791425917
0.0 -13.0 0.0 4.0 1392.0452597059873
0.0 -13.0 0.0 5.0 1672.093068251869
0.0 -13.0 0.0 6.0 917.3695972336649
0.0 -13.0 0.0 7.0 784.3971551888279
0.0 -13.0 0.0 8.0 653.6873347248867
0.0 -13.0 0.0 9.0 687.4680968438737
0.0 -13.0 0.0 10.0 321.93956415989805
0.0 -13.0 0.0 11.0 699.2341482999132
0.0 -13.0 0.0 12.0 210.3240342298288
0.0 -13.0 0.0 13.0 412.41075903898724
0.0 -13.0 0.0 14.0 902.5000303896339
0.0 -13.0 0.0 15.0 722.7004835024431
0.0 -13.0 0.0 16.0 564.4367107945992
0.0 -13.0 0.0 17.0 570.1716226310621
0.0 -13.0 0.0 18.0 1589.2868582335027
0.0 -13.0 0.0 19.0 1168.0867970576437
0.0 -13.0 0.0 20.0 0.0014392702682082485
0.0 -13.0 0.0 21.0 0.004031199546084638
0.0 -13.0 0.0 22.0 1490.0578499371984
0.0 -13.0 0.0 23.0 1326.1327297602145
0.0 -13.0 0.0 24.0 1713.2952473928092
0.0 -13.0 0.0 25.0 1293.9837107428407
0.0 -12.0 0.0 -25.0 1084.1550248854448
0.0 -12.0 0.0 -24.0 1597.728292864361
0.0 -12.0 0.0 -23.0 6036.624664434289
0.0 -12.0 0.0 -22.0 2978.540259036026
0.0 -12.0 0.0 -21.0 2731.86779987595
0.0 -12.0 0.0 -20.0 4432.359863117401
0.0 -12.0 0.0 -19.0 4303.830724301726
0.0 -12.0 0.0 -18.0 1155.696355904453
0.0 -12.0 0.0 -17.0 2725.5915850073225
0.0 -12.0 0.0 -16.0 3626.9459683037257
0.0 -12.0 0.0 -15.0 2794.423116259422
0.0 -12.0 0.0 -14.0 1536.9922415842807
0.0 -12.0 0.0 -13.0 2490.04625419665
0.0 -12.0 0.0 -12.0 4331.919650696425
0.0 -12.0 0.0 -11.0 3134.4166970026236
0.0 -12.0 0.0 -10.0 1740.0758439738734
0.0 -12.0 0.0 -9.0 4802.917443516555
0.0 -12.0 0.0 -8.0 3117.775418832483
0.0 -12.0 0.0 -7.0 3775.740966192153
0.0 -12.0 0.0 -6.0 2539.06377718855
0.0 -12.0 0.0 -5.0 2542.4096927216237
0.0 -12.0 0.0 -4.0 1145.2092021038993
0.0 -12.0 0.0 -3.0 2010.867007267006
0.0 -12.0 0.0 -2.0 2244.8626607196607
0.0 -12.0 0.0 -1.0 1571.7575711655682
0.0 -12.0 0.0 0.0 2230.041095683205
0.0 -12.0 0.0 1.0 1683.833400266941
0.0 -12.0 0.0 2.0 1706.5055228634096
0.0 -12.0 0.0 3.0 977.6626430119619
0.0 -12.0 0.0 4.0 994.4239970717256
0.0 -12.0 0.0 5.0 1263.2694654998982
0.0 -12.0 0.0 6.0 762.0072143501205
0.0 -12.0 0.0 7.0 797.7124706741976
0.0 -12.0 0.0 8.0 510.7129651743503
0.0 -12.0 0.0 9.0 1112.7491684657816
0.0 -12.0 0.0 10.0 390.352177093375
0.0 -12.0 0.0 11.0 594.8035512725838
0.0 -12.0 0.0 12.0 500.56289715406655
0.0 -12.0 0.0 13.0 626.7497266938342
0.0 -12.0 0.0 14.0 406.26253029470735
0.0 -12.0 0.0 15.0 612.6129667380008
0.0 -12.0 0.0 16.0 680.6511402614057
0.0 -12.0 0.0 17.0 447.5728568955027
0.0 -12.0 0.0 18.0 0.0012142044718805992
0.0 -12.0 0.0 19.0 0.0018117783543723969
0.0 -12.0 0.0 20.0 1921.4305353012132
0.0 -12.0 0.0 21.0 1479.645069364313
0.0 -12.0 0.0 22.0 1005.6120037147653
0.0 -12.0 0.0 23.0 1241.8668145315085
0.0 -12.0 0.0 24.0 2289.3381053375115
0.0 -12.0 0.0 25.0 1833.5598707648273
0.0 -11.0 0.0 -25.0 569.3751708924763
0.0 -11.0 0.0 -24.0 3282.245017282109
0.0 -11.0 0.0 -23.0 1154.2547933772503
0.0 -11.0 0.0 -22.0 2325.4226604322043
0.0 -11.0 0.0 -21.0 1812.6374001327788
0.0 -11.0 0.0 -20.0 1009.9420116055296
0.0 -11.0 0.0 -19.0 1256.6373280730973
0.0 -11.0 0.0 -18.0 5079.883204345069
0.0 -11.0 0.0 -17.0 4027.1165054203566
0.0 -11.0 0.0 -16.0 1071.392782884191
0.0 -11.0 0.0 -15.0 2690.2655844349906
0.0 -11.0 0.0 -14.0 2142.5868366554814
0.0 -11.0 0.0 -13.0 2587.59735573776
0.0 -11.0 0.0 -12.0 742.2183651290608
0.0 -11.0 0.0 -11.0 2030.2465251341848
0.0 -11.0 0.0 -10.0 2445.6389417043583
0.0 -11.0 0.0 -9.0 2570.3666030656486
0.0 -11.0 0.0 -8.0 3245.2364504915813
0.0 -11.0 0.0 -7.0 1782.0389261492426
0.0 -11.0 0.0 -6.0 2782.715943590492
0.0 -11.0 0.0 -5.0 2992.7678338703035
0.0 -11.0 0.0 -4.0 2410.342934328915
0.0 -11.0 0.0 -3.0 1901.6720207393128
0.0 -11.0 0.0 -2.0 2334.2726141977187
0.0 -11.0 0.0 -1.0 1302.1413549363167
0.0 -11.0 0.0 0.0 1938.068565367753
0.0 -11.0 0.0 1.0 1417.9005519838634
0.0 -11.0 0.0 2.0 1205.3622008463678
0.0 -11.0 0.0 3.0 1287.683141689146
0.0 -11.0 0.0 4.0 777.2447695497433
0.0 -11.0 0.0 5.0 385.0059546631385
0.0 -11.0 0.0 6.0 542.6213655951328
0.0 -11.0 0.0 7.0 421.6328955796358
0.0 -11.0 0.0 8.0 404.5482689515298
0.0 -11.0 0.0 9.0 940.8108789410684
0.0 -11.0 0.0 10.0 404.79442157826554
0.0 -11.0 0.0 11.0 327.97608227102023
0.0 -11.0 0.0 12.0 418.655277014654
0.0 -11.0 0.0 13.0 226.75911203156286
0.0 -11.0 0.0 14.0 551.3205320040165
0.0 -11.0 0.0 15.0 505.8755529240104
0.0 -11.0 0.0 16.0 326.67345819803904
0.0 -11.0 0.0 17.0 6.272650102168087E-4
0.0 -11.0 0.0 18.0 312.45738039594306
0.0 -11.0 0.0 19.0 1195.7502953467122
0.0 -11.0 0.0 20.0 965.4286944834525
0.0 -11.0 0.0 21.0 1302.1627772109996
0.0 -11.0 0.0 22.0 1885.813044819618
0.0 -11.0 0.0 23.0 2294.688767843729
0.0 -11.0 0.0 24.0 2001.7611722392949
0.0 -11.0 0.0 25.0 2238.601660492026
0.0 -10.0 0.0 -25.0 970.1744337203692
0.0 -10.0 0.0 -24.0 3750.5674526940647
0.0 -10.0 0.0 -23.0 5618.319081241082
0.0 -10.0 0.0 -22.0 2510.827354938791
0.0 -10.0 0.0 -21.0 4256.136228399169
0.0 -10.0 0.0 -20.0 3575.207978343724
0.0 -10.0 0.0 -19.0 3801.3616654022417
0.0 -10.0 0.0 -18.0 1013.6673063582401
0.0 -10.0 0.0 -17.0 3695.446079246653
0.0 -10.0 0.0 -16.0 2404.987205390924
0.0 -10.0 0.0 -15.0 2392.748980673003
0.0 -10.0 0.0 -14.0 3849.3897340345607
0.0 -10.0 0.0 -13.0 1203.2904846179015
0.0 -10.0 0.0 -12.0 3198.3383666407262
0.0 -10.0 0.0 -11.0 2779.3821436688936
0.0 -10.0 0.0 -10.0 1636.2669092981541
0.0 -10.0 0.0 -9.0 3256.3305036597567
0.0 -10.0 0.0 -8.0 2329.1908163232115
0.0 -10.0 0.0 -7.0 2338.410761860917
0.0 -10.0 0.0 -6.0 2781.236255000707
0.0 -10.0 0.0 -5.0 1973.2980178463438
0.0 -10.0 0.0 -4.0 1266.3934909862762
0.0 -10.0 0.0 -3.0 2293.742892590354
0.0 -10.0 0.0 -2.0 2222.3108234270194
0.0 -10.0 0.0 -1.0 1072.7631881856412
0.0 -10.0 0.0 0.0 1314.5406755787199
0.0 -10.0 0.0 1.0 1126.9945596116731
0.0 -10.0 0.0 2.0 782.6870514741449
0.0 -10.0 0.0 3.0 985.8621054714866
0.0 -10.0 0.0 4.0 537.433431660927
0.0 -10.0 0.0 5.0 506.3336663092674
0.0 -10.0 0.0 6.0 286.35884048493006
0.0 -10.0 0.0 7.0 3.616693370489392E-4
0.0 -10.0 0.0 8.0 174.66238094644785
0.0 -10.0 0.0 9.0 240.36464577607828
0.0 -10.0 0.0 10.0 159.54139724103953
0.0 -10.0 0.0 11.0 209.00346630487422
0.0 -10.0 0.0 12.0 301.4164503150256
0.0 -10.0 0.0 13.0 156.10036600872883
0.0 -10.0 0.0 14.0 479.98863160261055
0.0 -10.0 0.0 15.0 143.8515014650406
0.0 -10.0 0.0 16.0 0.03202993172370197
0.0 -10.0 0.0 17.0 359.35849347711803
0.0 -10.0 0.0 18.0 845.7288207611703
0.0 -10.0 0.0 19.0 819.7030836035829
0.0 -10.0 0.0 20.0 1275.2959258306423
0.0 -10.0 0.0 21.0 1581.3146232811775
0.0 -10.0 0.0 22.0 2237.9990498711204
0.0 -10.0 0.0 23.0 1043.7084143977527
0.0 -10.0 0.0 24.0 2176.321601192926
0.0 -10.0 0.0 25.0 1929.4792835794422
0.0 -9.0 0.0 -25.0 4556.001103455891
0.0 -9.0 0.0 -24.0 7090.936484625842
0.0 -9.0 0.0 -23.0 2202.775867348952
0.0 -9.0 0.0 -22.0 1076.4998561336959
0.0 -9.0 0.0 -21.0 1409.1934590984881
0.0 -9.0 0.0 -20.0 5512.241105349144
0.0 -9.0 0.0 -19.0 5953.620351139072
0.0 -9.0 0.0 -18.0 5581.555053584407
0.0 -9.0 0.0 -17.0 1387.2194953544833
0.0 -9.0 0.0 -16.0 4600.745595217624
0.0 -9.0 0.0 -15.0 3656.9506944013924
0.0 -9.0 0.0 -14.0 2696.5910325162795
0.0 -9.0 0.0 -13.0 2720.3755634291138
0.0 -9.0 0.0 -12.0 4215.2835336681255
0.0 -9.0 0.0 -11.0 2334.1500011886687
0.0 -9.0 0.0 -10.0 2715.863700815469
0.0 -9.0 0.0 -9.0 1003.4043246557046
0.0 -9.0 0.0 -8.0 2629.864706694437
0.0 -9.0 0.0 -7.0 1935.2380474472775
0.0 -9.0 0.0 -6.0 1812.7401458293716
0.0 -9.0 0.0 -5.0 2494.5878326542256
0.0 -9.0 0.0 -4.0 2352.845542310698
0.0 -9.0 0.0 -3.0 1872.008166508791
0.0 -9.0 0.0 -2.0 1098.234455139349
0.0 -9.0 0.0 -1.0 941.827344959535
0.0 -9.0 0.0 0.0 654.2036618411446
0.0 -9.0 0.0 1.0 646.2370268936902
0.0 -9.0 0.0 2.0 490.7740020865563
0.0 -9.0 0.0 3.0 720.7744634895873
0.0 -9.0 0.0 4.0 86.62816708099781
0.0 -9.0 0.0 5.0 5.086316530063325E-4
0.0 -9.0 0.0 6.0 0.0016113539005981577
0.0 -9.0 0.0 7.0 215.72655130554585
0.0 -9.0 0.0 8.0 157.71801130175737
0.0 -9.0 0.0 9.0 221.68130309427053
0.0 -9.0 0.0 10.0 66.71851929494753
0.0 -9.0 0.0 11.0 306.1756485262823
0.0 -9.0 0.0 12.0 176.56959122630747
0.0 -9.0 0.0 13.0 155.6788454440881
0.0 -9.0 0.0 14.0 232.02809446463948
0.0 -9.0 0.0 15.0 9.729083671604807E-4
0.0 -9.0 0.0 16.0 421.4630930363994
0.0 -9.0 0.0 17.0 460.04690612841506
0.0 -9.0 0.0 18.0 1218.2746587612894
0.0 -9.0 0.0 19.0 946.6602181399608
0.0 -9.0 0.0 20.0 1172.0247314666117
0.0 -9.0 0.0 21.0 1565.636546576024
0.0 -9.0 0.0 22.0 1203.453929094553
0.0 -9.0 0.0 23.0 3159.0349874442136
0.0 -9.0 0.0 24.0 2362.021545799091
0.0 -9.0 0.0 25.0 721.9271151908073
0.0 -8.0 0.0 -25.0 2055.1686321459047
0.0 -8.0 0.0 -24.0 5658.728437592418
0.0 -8.0 0.0 -23.0 2001.8679119006265
0.0 -8.0 0.0 -22.0 3230.216327401733
0.0 -8.0 0.0 -21.0 1493.7076042331425
0.0 -8.0 0.0 -20.0 2750.7153584364737
0.0 -8.0 0.0 -19.0 3289.539673977327
0.0 -8.0 0.0 -18.0 2640.1263803735646
0.0 -8.0 0.0 -17.0 3214.869222116376
0.0 -8.0 0.0 -16.0 1068.0055291529925
0.0 -8.0 0.0 -15.0 860.3467472784771
0.0 -8.0 0.0 -14.0 2330.634904309901
0.0 -8.0 0.0 -13.0 2869.3115200418933
0.0 -8.0 0.0 -12.0 2107.6093364581625
0.0 -8.0 0.0 -11.0 1764.174984281249
0.0 -8.0 0.0 -10.0 1728.668640341258
0.0 -8.0 0.0 -9.0 1975.1635216002778
0.0 -8.0 0.0 -8.0 1625.729266641957
0.0 -8.0 0.0 -7.0 1510.6186354578792
0.0 -8.0 0.0 -6.0 1940.2201103971447
0.0 -8.0 0.0 -5.0 1219.396250069376
0.0 -8.0 0.0 -4.0 1051.5536520469223
0.0 -8.0 0.0 -3.0 928.7046464042
0.0 -8.0 0.0 -2.0 912.6336298502595
0.0 -8.0 0.0 -1.0 1519.2204575455821
0.0 -8.0 0.0 0.0 535.7770114322576
0.0 -8.0 0.0 1.0 270.23435611121914
0.0 -8.0 0.0 2.0 441.7485678031835
0.0 -8.0 0.0 3.0 3.7938008004719686E-4
0.0 -8.0 0.0 4.0 4.395563172699341E-4
0.0 -8.0 0.0 5.0 5.536669557526884
0.0 -8.0 0.0 6.0 5.004421024379826E-4
0.0 -8.0 0.0 7.0 77.73189809598757
0.0 -8.0 0.0 8.0 58.92519540390926
0.0 -8.0 0.0 9.0 71.975850795218
0.0 -8.0 0.0 10.0 139.07058771573796
0.0 -8.0 0.0 11.0 112.93097586631461
0.0 -8.0 0.0 12.0 289.6816347825282
0.0 -8.0 0.0 13.0 222.93581117809163
0.0 -8.0 0.0 14.0 328.6379500698003
0.0 -8.0 0.0 15.0 259.73387317432264
0.0 -8.0 0.0 16.0 972.1788600853379
0.0 -8.0 0.0 17.0 281.17038266505415
0.0 -8.0 0.0 18.0 1239.7703302537248
0.0 -8.0 0.0 19.0 808.9901312448815
0.0 -8.0 0.0 20.0 1830.2795152211702
0.0 -8.0 0.0 21.0 2091.2223514972816
0.0 -8.0 0.0 22.0 1619.4453332490878
0.0 -8.0 0.0 23.0 1263.633516710311
0.0 -8.0 0.0 24.0 1337.3607495941442
0.0 -8.0 0.0 25.0 2228.149039644344
0.0 -7.0 0.0 -25.0 3536.7482506391157
0.0 -7.0 0.0 -24.0 3381.5460649618794
0.0 -7.0 0.0 -23.0 3308.8318039178434
0.0 -7.0 0.0 -22.0 4502.015797448129
0.0 -7.0 0.0 -21.0 1702.6045228841774
0.0 -7.0 0.0 -20.0 3991.812534229901
0.0 -7.0 0.0 -19.0 1829.853213169482
0.0 -7.0 0.0 -18.0 3669.696509882616
0.0 -7.0 0.0 -17.0 614.249100779934
0.0 -7.0 0.0 -16.0 1458.2335976031143
0.0 -7.0 0.0 -15.0 1567.7553995157598
0.0 -7.0 0.0 -14.0 523.4785844533004
0.0 -7.0 0.0 -13.0 2068.0905356636285
0.0 -7.0 0.0 -12.0 2862.691115742194
0.0 -7.0 0.0 -11.0 2567.8934694547797
0.0 -7.0 0.0 -10.0 3781.461441726941
0.0 -7.0 0.0 -9.0 1603.8875526682677
0.0 -7.0 0.0 -8.0 1138.5274704785934
0.0 -7.0 0.0 -7.0 1460.5783607274252
0.0 -7.0 0.0 -6.0 1586.9229416917722
0.0 -7.0 0.0 -5.0 1483.6306683245257
0.0 -7.0 0.0 -4.0 1219.4621666399307
0.0 -7.0 0.0 -3.0 813.9067996196773
0.0 -7.0 0.0 -2.0 524.6453108211474
0.0 -7.0 0.0 -1.0 610.3801748833712
0.0 -7.0 0.0 0.0 476.73577068012526
0.0 -7.0 0.0 1.0 122.6435720626191
0.0 -7.0 0.0 2.0 2.227252318475983E-4
0.0 -7.0 0.0 3.0 6.605293732100867E-4
0.0 -7.0 0.0 4.0 7.296797494534734
0.0 -7.0 0.0 5.0 1.8339067322200014E-4
0.0 -7.0 0.0 6.0 6.725707916042859E-4
0.0 -7.0 0.0 7.0 0.0010855651536475306
0.0 -7.0 0.0 8.0 2.0797496626967054E-4
0.0 -7.0 0.0 9.0 2.772730347790659E-4
0.0 -7.0 0.0 10.0 54.02517576959631
0.0 -7.0 0.0 11.0 103.09338016032822
0.0 -7.0 0.0 12.0 159.36501465573775
0.0 -7.0 0.0 13.0 262.0601869606141
0.0 -7.0 0.0 14.0 144.94126963071196
0.0 -7.0 0.0 15.0 534.8720874539987
0.0 -7.0 0.0 16.0 548.0677032835828
0.0 -7.0 0.0 17.0 1211.8308213378455
0.0 -7.0 0.0 18.0 1683.4601557616734
0.0 -7.0 0.0 19.0 1969.751889687975
0.0 -7.0 0.0 20.0 1735.6273173662971
0.0 -7.0 0.0 21.0 1468.809798436224
0.0 -7.0 0.0 22.0 2353.295459588945
0.0 -7.0 0.0 23.0 1964.6824555223543
0.0 -7.0 0.0 24.0 1835.4751117275584
0.0 -7.0 0.0 25.0 2620.905253877595
0.0 -6.0 0.0 -25.0 3075.4321425373587
0.0 -6.0 0.0 -24.0 3814.4756932093233
0.0 -6.0 0.0 -23.0 3578.8215091315083
0.0 -6.0 0.0 -22.0 2001.6456115467502
0.0 -6.0 0.0 -21.0 1910.2311913898288
0.0 -6.0 0.0 -20.0 1957.4656593883906
0.0 -6.0 0.0 -19.0 2552.4504816863164
0.0 -6.0 0.0 -18.0 1901.4188946569466
0.0 -6.0 0.0 -17.0 3997.3084660034033
0.0 -6.0 0.0 -16.0 1286.632268006332
0.0 -6.0 0.0 -15.0 1238.3340325258114
0.0 -6.0 0.0 -14.0 2341.246206660129
0.0 -6.0 0.0 -13.0 3032.5204140414216
0.0 -6.0 0.0 -12.0 2343.810954219659
0.0 -6.0 0.0 -11.0 1649.3983368471024
0.0 -6.0 0.0 -10.0 3124.1165181801207
0.0 -6.0 0.0 -9.0 1695.2338517498702
0.0 -6.0 0.0 -8.0 1593.2897010642914
0.0 -6.0 0.0 -7.0 1790.8975421691541
0.0 -6.0 0.0 -6.0 1381.864403557263
0.0 -6.0 0.0 -5.0 701.3105767284313
0.0 -6.0 0.0 -4.0 733.4175429341137
0.0 -6.0 0.0 -3.0 412.0303175971658
0.0 -6.0 0.0 -2.0 602.3822296548594
0.0 -6.0 0.0 -1.0 0.2642839898677309
0.0 -6.0 0.0 0.0 3.7383601365853665E-4
0.0 -6.0 0.0 1.0 2.4143349165420763E-4
0.0 -6.0 0.0 2.0 4.946855222168474E-4
0.0 -6.0 0.0 3.0 2.427988389855945E-4
0.0 -6.0 0.0 4.0 2.420489769446328E-4
0.0 -6.0 0.0 5.0 3.0034369246478E-4
0.0 -6.0 0.0 6.0 2.05131365601884E-4
0.0 -6.0 0.0 7.0 8.465712770422109E-4
0.0 -6.0 0.0 8.0 3.657262006268568E-4
0.0 -6.0 0.0 9.0 2.1057693516643195E-4
0.0 -6.0 0.0 10.0 0.0014901428800742494
0.0 -6.0 0.0 11.0 0.8369338052492996
0.0 -6.0 0.0 12.0 64.42718952100536
0.0 -6.0 0.0 13.0 266.5156280460211
0.0 -6.0 0.0 14.0 330.7506749509219
0.0 -6.0 0.0 15.0 377.87854576900963
0.0 -6.0 0.0 16.0 932.7438896686508
0.0 -6.0 0.0 17.0 638.0461564831287
0.0 -6.0 0.0 18.0 1302.7370164494978
0.0 -6.0 0.0 19.0 1166.7021564857232
0.0 -6.0 0.0 20.0 972.2503635244088
0.0 -6.0 0.0 21.0 1711.1834667993314
0.0 -6.0 0.0 22.0 1126.376168715844
0.0 -6.0 0.0 23.0 3586.890118054421
0.0 -6.0 0.0 24.0 1485.985514193581
0.0 -6.0 0.0 25.0 1968.8607717212556
0.0 -5.0 0.0 -25.0 2984.526840417241
0.0 -5.0 0.0 -24.0 1528.0841322614465
0.0 -5.0 0.0 -23.0 2302.5029427001086
0.0 -5.0 0.0 -22.0 3306.5216509689326
0.0 -5.0 0.0 -21.0 2829.383994118269
0.0 -5.0 0.0 -20.0 353.0202443782018
0.0 -5.0 0.0 -19.0 2413.1933062621265
0.0 -5.0 0.0 -18.0 2115.908017188034
0.0 -5.0 0.0 -17.0 1744.2854807745744
0.0 -5.0 0.0 -16.0 2761.030657443281
0.0 -5.0 0.0 -15.0 2698.1214172870723
0.0 -5.0 0.0 -14.0 2771.7750696976377
0.0 -5.0 0.0 -13.0 2325.836027297995
0.0 -5.0 0.0 -12.0 3278.9447102087142
0.0 -5.0 0.0 -11.0 2016.4078459331172
0.0 -5.0 0.0 -10.0 2184.867199034423
0.0 -5.0 0.0 -9.0 2483.4205108283923
0.0 -5.0 0.0 -8.0 1027.8391104575765
0.0 -5.0 0.0 -7.0 1026.0173266477977
0.0 -5.0 0.0 -6.0 950.2298002211054
0.0 -5.0 0.0 -5.0 560.005316233994
0.0 -5.0 0.0 -4.0 574.6798026800661
0.0 -5.0 0.0 -3.0 335.4818182522785
0.0 -5.0 0.0 -2.0 78.35432257857123
0.0 -5.0 0.0 -1.0 0.17749337503198773
0.0 -5.0 0.0 0.0 1.425440165097466E-4
0.0 -5.0 0.0 1.0 1.6494296702070804E-4
0.0 -5.0 0.0 2.0 2.8997703126462226E-4
0.0 -5.0 0.0 3.0 6.554367726649242E-4
0.0 -5.0 0.0 4.0 3.447029443556738E-4
0.0 -5.0 0.0 5.0 3.0952772199862097E-4
0.0 -5.0 0.0 6.0 2.6486961960742455E-4
0.0 -5.0 0.0 7.0 8.897784636407485E-4
0.0 -5.0 0.0 8.0 2.603818289959261E-4
0.0 -5.0 0.0 9.0 1.724737439503683E-4
0.0 -5.0 0.0 10.0 0.09891597596487918
0.0 -5.0 0.0 11.0 179.8291271754154
0.0 -5.0 0.0 12.0 200.25547894789622
0.0 -5.0 0.0 13.0 319.7326778879834
0.0 -5.0 0.0 14.0 920.6467438427405
0.0 -5.0 0.0 15.0 909.2912714376423
0.0 -5.0 0.0 16.0 0.0056931307953540875
0.0 -5.0 0.0 17.0 1048.8527366458268
0.0 -5.0 0.0 18.0 1607.2596774777028
0.0 -5.0 0.0 19.0 1404.275299589854
0.0 -5.0 0.0 20.0 2185.92478846176
0.0 -5.0 0.0 21.0 2150.695412237024
0.0 -5.0 0.0 22.0 1379.3501623462803
0.0 -5.0 0.0 23.0 2046.0237866465552
0.0 -5.0 0.0 24.0 2888.9043098432926
0.0 -5.0 0.0 25.0 3767.3836394389327
0.0 -4.0 0.0 -25.0 415.0904002342786
0.0 -4.0 0.0 -24.0 1491.8446391241214
0.0 -4.0 0.0 -23.0 1297.6115672842254
0.0 -4.0 0.0 -22.0 2703.135525047001
0.0 -4.0 0.0 -21.0 2699.040661474971
0.0 -4.0 0.0 -20.0 682.8285553383682
0.0 -4.0 0.0 -19.0 3369.8634144094895
0.0 -4.0 0.0 -18.0 3039.008877863326
0.0 -4.0 0.0 -17.0 3136.946567392753
0.0 -4.0 0.0 -16.0 2858.249444335851
0.0 -4.0 0.0 -15.0 1786.4121405278186
0.0 -4.0 0.0 -14.0 2183.945222272871
0.0 -4.0 0.0 -13.0 1346.8284883483266
0.0 -4.0 0.0 -12.0 1550.364990221078
0.0 -4.0 0.0 -11.0 1614.4169555497897
0.0 -4.0 0.0 -10.0 1800.572517372851
0.0 -4.0 0.0 -9.0 1128.270260336972
0.0 -4.0 0.0 -8.0 808.2727224901809
0.0 -4.0 0.0 -7.0 660.7004882558889
0.0 -4.0 0.0 -6.0 345.36407098923416
0.0 -4.0 0.0 -5.0 522.4277857179578
0.0 -4.0 0.0 -4.0 212.14544582585327
0.0 -4.0 0.0 -3.0 35.372926610356906
0.0 -4.0 0.0 -2.0 3.0103980392683327E-4
0.0 -4.0 0.0 -1.0 1.2179185705586984E-4
0.0 -4.0 0.0 0.0 1.9449658898593032E-4
0.0 -4.0 0.0 1.0 1.861982391585461E-4
0.0 -4.0 0.0 2.0 2.245252497701781E-4
0.0 -4.0 0.0 3.0 5.228736881104253E-4
0.0 -4.0 0.0 4.0 2.7548005212374357E-4
0.0 -4.0 0.0 5.0 4.657570776431165E-4
0.0 -4.0 0.0 6.0 2.927510315721571E-4
0.0 -4.0 0.0 7.0 6.566955407800294E-4
0.0 -4.0 0.0 8.0 0.0015300377126855778
0.0 -4.0 0.0 9.0 2.0476901109679085E-4
0.0 -4.0 0.0 10.0 3.5511565343824755E-4
0.0 -4.0 0.0 11.0 220.68518249898628
0.0 -4.0 0.0 12.0 137.23574038158665
0.0 -4.0 0.0 13.0 275.49631838896175
0.0 -4.0 0.0 14.0 563.645230998773
0.0 -4.0 0.0 15.0 1062.1215886901412
0.0 -4.0 0.0 16.0 1174.4314490944098
0.0 -4.0 0.0 17.0 1420.419626917626
0.0 -4.0 0.0 18.0 1277.1695826485222
0.0 -4.0 0.0 19.0 1294.6565262928875
0.0 -4.0 0.0 20.0 1808.614297873077
0.0 -4.0 0.0 21.0 1912.534962704547
0.0 -4.0 0.0 22.0 1631.7567247942177
0.0 -4.0 0.0 23.0 1371.7155061820515
0.0 -4.0 0.0 24.0 647.2062727676534
0.0 -4.0 0.0 25.0 3508.1053577529974
0.0 -3.0 0.0 -25.0 3269.2965713488343
0.0 -3.0 0.0 -24.0 4036.9338546091667
0.0 -3.0 0.0 -23.0 3809.7592119412748
0.0 -3.0 0.0 -22.0 5367.313810664959
0.0 -3.0 0.0 -21.0 2566.283322555436
0.0 -3.0 0.0 -20.0 1152.5976095435246
0.0 -3.0 0.0 -19.0 999.8281387851282
0.0 -3.0 0.0 -18.0 1074.8637540605246
0.0 -3.0 0.0 -17.0 1903.4362199055802
0.0 -3.0 0.0 -16.0 1086.3265912498744
0.0 -3.0 0.0 -15.0 2506.790605963646
0.0 -3.0 0.0 -14.0 2000.9197075919951
0.0 -3.0 0.0 -13.0 1774.1169822813404
0.0 -3.0 0.0 -12.0 1545.7003982531983
0.0 -3.0 0.0 -11.0 1714.446230457369
0.0 -3.0 0.0 -10.0 1526.4632557625619
0.0 -3.0 0.0 -9.0 971.8031288453972
0.0 -3.0 0.0 -8.0 224.05809184631357
0.0 -3.0 0.0 -7.0 475.80272160916326
0.0 -3.0 0.0 -6.0 503.34257759846105
0.0 -3.0 0.0 -5.0 163.01023923463362
0.0 -3.0 0.0 -4.0 0.05295447060258581
0.0 -3.0 0.0 -3.0 0.19955528163665848
0.0 -3.0 0.0 -2.0 1.3181767844504955E-4
0.0 -3.0 0.0 -1.0 7.522163353030149E-5
0.0 -3.0 0.0 0.0 1.2645804723870758E-4
0.0 -3.0 0.0 1.0 1.7605649866406356E-4
0.0 -3.0 0.0 2.0 2.4103091522152204E-4
0.0 -3.0 0.0 3.0 2.430089465284682E-4
0.0 -3.0 0.0 4.0 2.7993945553605293E-4
0.0 -3.0 0.0 5.0 2.854088055183981E-4
0.0 -3.0 0.0 6.0 2.779065401944131E-4
0.0 -3.0 0.0 7.0 1.4326852482004498E-4
0.0 -3.0 0.0 8.0 2.50089579265012E-4
0.0 -3.0 0.0 9.0 1.4830865408220457E-4
0.0 -3.0 0.0 10.0 1.2395358857100862
0.0 -3.0 0.0 11.0 277.691084728434
0.0 -3.0 0.0 12.0 467.8009863396116
0.0 -3.0 0.0 13.0 555.6410398331808
0.0 -3.0 0.0 14.0 1198.2059303497667
0.0 -3.0 0.0 15.0 673.6102443573143
0.0 -3.0 0.0 16.0 1065.690360641496
0.0 -3.0 0.0 17.0 1477.785703228043
0.0 -3.0 0.0 18.0 1849.2236680272235
0.0 -3.0 0.0 19.0 2234.8900693369396
0.0 -3.0 0.0 20.0 1788.4115259295208
0.0 -3.0 0.0 21.0 2438.728838544363
0.0 -3.0 0.0 22.0 2710.7157700718826
0.0 -3.0 0.0 23.0 4505.36843457349
0.0 -3.0 0.0 24.0 2906.9546919259224
0.0 -3.0 0.0 25.0 1343.587923017313
0.0 -2.0 0.0 -25.0 2314.576581778703
0.0 -2.0 0.0 -24.0 3786.995233666047
0.0 -2.0 0.0 -23.0 3299.4717613153525
0.0 -2.0 0.0 -22.0 2438.2524394254856
0.0 -2.0 0.0 -21.0 4292.867455463442
0.0 -2.0 0.0 -20.0 4188.273407101824
0.0 -2.0 0.0 -19.0 2973.5491574584617
0.0 -2.0 0.0 -18.0 1878.0568135000678
0.0 -2.0 0.0 -17.0 2684.3522561155683
0.0 -2.0 0.0 -16.0 1987.2310579519956
0.0 -2.0 0.0 -15.0 1680.063220659049
0.0 -2.0 0.0 -14.0 1244.9241393166305
0.0 -2.0 0.0 -13.0 1027.8307170487346
0.0 -2.0 0.0 -12.0 1686.964735769831
0.0 -2.0 0.0 -11.0 2781.1527509738635
0.0 -2.0 0.0 -10.0 1016.8640551991662
0.0 -2.0 0.0 -9.0 1129.1537638901204
0.0 -2.0 0.0 -8.0 404.9685026844651
0.0 -2.0 0.0 -7.0 238.27295027853927
0.0 -2.0 0.0 -6.0 61.231338287921474
0.0 -2.0 0.0 -5.0 1.2173090822671255
0.0 -2.0 0.0 -4.0 0.010666127874227528
0.0 -2.0 0.0 -3.0 3.959278375374643E-4
0.0 -2.0 0.0 -2.0 8.138821610741521E-5
0.0 -2.0 0.0 -1.0 3.2886472504653984E-5
0.0 -2.0 0.0 0.0 3.9688656645017356E-5
0.0 -2.0 0.0 1.0 1.6319730137870093E-4
0.0 -2.0 0.0 2.0 2.4291634018008297E-4
0.0 -2.0 0.0 3.0 3.2139619682689365E-4
0.0 -2.0 0.0 4.0 2.761939367362937E-4
0.0 -2.0 0.0 5.0 2.93872989223605E-4
0.0 -2.0 0.0 6.0 1.90133956955083E-4
0.0 -2.0 0.0 7.0 0.02184183495526923
0.0 -2.0 0.0 8.0 6.859825915323754E-4
0.0 -2.0 0.0 9.0 22.90248510354925
0.0 -2.0 0.0 10.0 190.36460191591107
0.0 -2.0 0.0 11.0 331.27734966791826
0.0 -2.0 0.0 12.0 359.40806928388855
0.0 -2.0 0.0 13.0 452.78463821412214
0.0 -2.0 0.0 14.0 1425.4917596545106
0.0 -2.0 0.0 15.0 830.3526916979912
0.0 -2.0 0.0 16.0 2126.8280410128605
0.0 -2.0 0.0 17.0 1715.9930019173953
0.0 -2.0 0.0 18.0 1597.0137869458986
0.0 -2.0 0.0 19.0 2689.3605498286247
0.0 -2.0 0.0 20.0 1393.9596253746424
0.0 -2.0 0.0 21.0 3369.149975378215
0.0 -2.0 0.0 22.0 2444.5818809322554
0.0 -2.0 0.0 23.0 1724.5626504572747
0.0 -2.0 0.0 24.0 2896.0254621867384
0.0 -2.0 0.0 25.0 3834.954506445667
0.0 -1.0 0.0 -25.0 1935.098885927221
0.0 -1.0 0.0 -24.0 1635.8770170864034
0.0 -1.0 0.0 -23.0 2130.46307210439
0.0 -1.0 0.0 -22.0 1951.6512409520612
0.0 -1.0 0.0 -21.0 2998.2599957768857
0.0 -1.0 0.0 -20.0 2164.891403001127
0.0 -1.0 0.0 -19.0 2335.2518824712142
0.0 -1.0 0.0 -18.0 3108.5002337775663
0.0 -1.0 0.0 -17.0 3235.282498027878
0.0 -1.0 0.0 -16.0 3314.8586721572087
0.0 -1.0 0.0 -15.0 3311.013616937644
0.0 -1.0 0.0 -14.0 1799.1030244223584
0.0 -1.0 0.0 -13.0 1427.267979947162
0.0 -1.0 0.0 -12.0 1042.7905979174543
0.0 -1.0 0.0 -11.0 1620.6634126148203
0.0 -1.0 0.0 -10.0 963.345821258143
0.0 -1.0 0.0 -9.0 556.7639894963502
0.0 -1.0 0.0 -8.0 176.83690923414798
0.0 -1.0 0.0 -7.0 86.23069784161834
0.0 -1.0 0.0 -6.0 0.15996675341889802
0.0 -1.0 0.0 -5.0 0.003110884506956231
0.0 -1.0 0.0 -4.0 2.85522475920012E-4
0.0 -1.0 0.0 -3.0 1.8300074992720305E-4
0.0 -1.0 0.0 -2.0 5.3539538176387607E-5
0.0 -1.0 0.0 -1.0 3.358483293286375E-5
0.0 -1.0 0.0 0.0 3.6985072303245076E-5
0.0 -1.0 0.0 1.0 3.4827603734515984E-5
0.0 -1.0 0.0 2.0 1.0563183218590415E-4
0.0 -1.0 0.0 3.0 1.5434040046973354E-4
0.0 -1.0 0.0 4.0 1.8670987090411886E-4
0.0 -1.0 0.0 5.0 1.8038716325155898E-4
0.0 -1.0 0.0 6.0 2.109688597793651E-4
0.0 -1.0 0.0 7.0 0.02106574676014649
0.0 -1.0 0.0 8.0 0.15594722288578877
0.0 -1.0 0.0 9.0 149.88381449223508
0.0 -1.0 0.0 10.0 614.0758634607937
0.0 -1.0 0.0 11.0 482.53672535236296
0.0 -1.0 0.0 12.0 588.1049292992175
0.0 -1.0 0.0 13.0 811.8958584620289
0.0 -1.0 0.0 14.0 2100.8892612056243
0.0 -1.0 0.0 15.0 1311.745791039464
0.0 -1.0 0.0 16.0 1345.2433323673558
0.0 -1.0 0.0 17.0 367.01616531791467
0.0 -1.0 0.0 18.0 1362.6026354958678
0.0 -1.0 0.0 19.0 2834.727384198622
0.0 -1.0 0.0 20.0 4158.300535481818
0.0 -1.0 0.0 21.0 3435.0077570725384
0.0 -1.0 0.0 22.0 2807.53284773361
0.0 -1.0 0.0 23.0 1797.4143886937823
0.0 -1.0 0.0 24.0 2002.4408303488467
0.0 -1.0 0.0 25.0 3003.610779419027
0.0 0.0 0.0 -25.0 2594.145848749705
0.0 0.0 0.0 -24.0 3038.046975125148
0.0 0.0 0.0 -23.0 1525.140854548469
0.0 0.0 0.0 -22.0 3202.22025935446
0.0 0.0 0.0 -21.0 3039.5615392395657
0.0 0.0 0.0 -20.0 3001.0990918139714
0.0 0.0 0.0 -19.0 2746.15040584263
0.0 0.0 0.0 -18.0 1835.0964770722503
0.0 0.0 0.0 -17.0 2271.5374578040924
0.0 0.0 0.0 -16.0 1745.3317450059953
0.0 0.0 0.0 -15.0 1705.1429159781508
0.0 0.0 0.0 -14.0 1028.8560631553107
0.0 0.0 0.0 -13.0 903.2505149475522
0.0 0.0 0.0 -12.0 1241.3628217694434
0.0 0.0 0.0 -11.0 924.8615620080411
0.0 0.0 0.0 -10.0 346.166180978075
0.0 0.0 0.0 -9.0 254.1114408864259
0.0 0.0 0.0 -8.0 122.28903250548333
0.0 0.0 0.0 -7.0 0.008948129501500951
0.0 0.0 0.0 -6.0 0.2178996916549608
0.0 0.0 0.0 -5.0 1.5060564470666164E-4
0.0 0.0 0.0 -4.0 2.4818283268025754E-4
0.0 0.0 0.0 -3.0 1.0112265765577466E-4
0.0 0.0 0.0 -2.0 5.34695722963202E-5
0.0 0.0 0.0 -1.0 9.65189768844633E-6
0.0 0.0 0.0 0.0 3.478070823751238E-6
0.0 0.0 0.0 1.0 9.65189768844633E-6
0.0 0.0 0.0 2.0 5.346957229632021E-5
0.0 0.0 0.0 3.0 1.0112265765577466E-4
0.0 0.0 0.0 4.0 2.4818283268025754E-4
0.0 0.0 0.0 5.0 1.5060564470666162E-4
0.0 0.0 0.0 6.0 0.21789969165496076
0.0 0.0 0.0 7.0 0.00894812950150095
0.0 0.0 0.0 8.0 122.28903250548333
0.0 0.0 0.0 9.0 254.1114408864259
0.0 0.0 0.0 10.0 346.1661809780749
0.0 0.0 0.0 11.0 924.8615620080412
0.0 0.0 0.0 12.0 1241.3628217694434
0.0 0.0 0.0 13.0 903.2505149475521
0.0 0.0 0.0 14.0 1028.856063155311
0.0 0.0 0.0 15.0 1705.1429159781508
0.0 0.0 0.0 16.0 1745.3317450059953
0.0 0.0 0.0 17.0 2271.537457804093
0.0 0.0 0.0 18.0 1835.0964770722505
0.0 0.0 0.0 19.0 2746.1504058426303
0.0 0.0 0.0 20.0 3001.099091813972
0.0 0.0 0.0 21.0 3039.561539239565
0.0 0.0 0.0 22.0 3202.2202593544603
0.0 0.0 0.0 23.0 1525.1408545484692
0.0 0.0 0.0 24.0 3038.046975125148
0.0 0.0 0.0 25.0 2594.145848749705
0.0 1.0 0.0 -25.0 3003.610779419027
0.0 1.0 0.0 -24.0 2002.4408303488467
0.0 1.0 0.0 -23.0 1797.4143886937825
0.0 1.0 0.0 -22.0 2807.53284773361
0.0 1.0 0.0 -21.0 3435.007757072539
0.0 1.0 0.0 -20.0 4158.300535481819
0.0 1.0 0.0 -19.0 2834.727384198623
0.0 1.0 0.0 -18.0 1362.602635495868
0.0 1.0 0.0 -17.0 367.01616531791467
0.0 1.0 0.0 -16.0 1345.2433323673556
0.0 1.0 0.0 -15.0 1311.745791039464
0.0 1.0 0.0 -14.0 2100.8892612056243
0.0 1.0 0.0 -13.0 811.8958584620289
0.0 1.0 0.0 -12.0 588.1049292992175
0.0 1.0 0.0 -11.0 482.53672535236296
0.0 1.0 0.0 -10.0 614.0758634607936
0.0 1.0 0.0 -9.0 149.88381449223505
0.0 1.0 0.0 -8.0 0.15594722288578877
0.0 1.0 0.0 -7.0 0.02106574676014649
0.0 1.0 0.0 -6.0 2.1096885977936507E-4
0.0 1.0 0.0 -5.0 1.80387163251559E-4
0.0 1.0 0.0 -4.0 1.867098709041188E-4
0.0 1.0 0.0 -3.0 1.5434040046973354E-4
0.0 1.0 0.0 -2.0 1.0563183218590416E-4
0.0 1.0 0.0 -1.0 3.482760373451599E-5
0.0 1.0 0.0 0.0 3.6985072303245076E-5
0.0 1.0 0.0 1.0 3.358483293286375E-5
0.0 1.0 0.0 2.0 5.353953817638761E-5
0.0 1.0 0.0 3.0 1.8300074992720308E-4
0.0 1.0 0.0 4.0 2.85522475920012E-4
0.0 1.0 0.0 5.0 0.003110884506956231
0.0 1.0 0.0 6.0 0.15996675341889802
0.0 1.0 0.0 7.0 86.23069784161834
0.0 1.0 0.0 8.0 176.83690923414798
0.0 1.0 0.0 9.0 556.7639894963502
0.0 1.0 0.0 10.0 963.3458212581431
0.0 1.0 0.0 11.0 1620.6634126148201
0.0 1.0 0.0 12.0 1042.7905979174543
0.0 1.0 0.0 13.0 1427.2679799471623
0.0 1.0 0.0 14.0 1799.1030244223587
0.0 1.0 0.0 15.0 3311.0136169376433
0.0 1.0 0.0 16.0 3314.8586721572087
0.0 1.0 0.0 17.0 3235.2824980278774
0.0 1.0 0.0 18.0 3108.5002337775663
0.0 1.0 0.0 19.0 2335.2518824712142
0.0 1.0 0.0 20.0 2164.891403001127
0.0 1.0 0.0 21.0 2998.2599957768857
0.0 1.0 0.0 22.0 1951.651240952061
0.0 1.0 0.0 23.0 2130.4630721043895
0.0 1.0 0.0 24.0 1635.8770170864034
0.0 1.0 0.0 25.0 1935.098885927221
0.0 2.0 0.0 -25.0 3834.9545064456674
0.0 2.0 0.0 -24.0 2896.025462186739
0.0 2.0 0.0 -23.0 1724.562650457275
0.0 2.0 0.0 -22.0 2444.5818809322554
0.0 2.0 0.0 -21.0 3369.1499753782145
0.0 2.0 0.0 -20.0 1393.9596253746424
0.0 2.0 0.0 -19.0 2689.360549828625
0.0 2.0 0.0 -18.0 1597.0137869458988
0.0 2.0 0.0 -17.0 1715.9930019173953
0.0 2.0 0.0 -16.0 2126.82804101286
0.0 2.0 0.0 -15.0 830.3526916979912
0.0 2.0 0.0 -14.0 1425.4917596545106
0.0 2.0 0.0 -13.0 452.78463821412214
0.0 2.0 0.0 -12.0 359.4080692838886
0.0 2.0 0.0 -11.0 331.2773496679183
0.0 2.0 0.0 -10.0 190.36460191591107
0.0 2.0 0.0 -9.0 22.90248510354925
0.0 2.0 0.0 -8.0 6.859825915323753E-4
0.0 2.0 0.0 -7.0 0.021841834955269236
0.0 2.0 0.0 -6.0 1.90133956955083E-4
0.0 2.0 0.0 -5.0 2.93872989223605E-4
0.0 2.0 0.0 -4.0 2.761939367362937E-4
0.0 2.0 0.0 -3.0 3.213961968268937E-4
0.0 2.0 0.0 -2.0 2.4291634018008297E-4
0.0 2.0 0.0 -1.0 1.631973013787009E-4
0.0 2.0 0.0 0.0 3.9688656645017356E-5
0.0 2.0 0.0 1.0 3.2886472504653984E-5
0.0 2.0 0.0 2.0 8.138821610741521E-5
0.0 2.0 0.0 3.0 3.959278375374643E-4
0.0 2.0 0.0 4.0 0.010666127874227526
0.0 2.0 0.0 5.0 1.2173090822671255
0.0 2.0 0.0 6.0 61.231338287921474
0.0 2.0 0.0 7.0 238.27295027853927
0.0 2.0 0.0 8.0 404.9685026844651
0.0 2.0 0.0 9.0 1129.1537638901202
0.0 2.0 0.0 10.0 1016.8640551991662
0.0 2.0 0.0 11.0 2781.1527509738635
0.0 2.0 0.0 12.0 1686.964735769831
0.0 2.0 0.0 13.0 1027.8307170487346
0.0 2.0 0.0 14.0 1244.9241393166308
0.0 2.0 0.0 15.0 1680.0632206590492
0.0 2.0 0.0 16.0 1987.2310579519958
0.0 2.0 0.0 17.0 2684.3522561155683
0.0 2.0 0.0 18.0 1878.0568135000678
0.0 2.0 0.0 19.0 2973.549157458462
0.0 2.0 0.0 20.0 4188.273407101824
0.0 2.0 0.0 21.0 4292.867455463442
0.0 2.0 0.0 22.0 2438.2524394254856
0.0 2.0 0.0 23.0 3299.471761315353
0.0 2.0 0.0 24.0 3786.995233666047
0.0 2.0 0.0 25.0 2314.5765817787023
0.0 3.0 0.0 -25.0 1343.587923017313
0.0 3.0 0.0 -24.0 2906.954691925923
0.0 3.0 0.0 -23.0 4505.36843457349
0.0 3.0 0.0 -22.0 2710.7157700718826
0.0 3.0 0.0 -21.0 2438.7288385443635
0.0 3.0 0.0 -20.0 1788.411525929521
0.0 3.0 0.0 -19.0 2234.890069336939
0.0 3.0 0.0 -18.0 1849.2236680272235
0.0 3.0 0.0 -17.0 1477.7857032280433
0.0 3.0 0.0 -16.0 1065.6903606414962
0.0 3.0 0.0 -15.0 673.6102443573143
0.0 3.0 0.0 -14.0 1198.2059303497665
0.0 3.0 0.0 -13.0 555.6410398331808
0.0 3.0 0.0 -12.0 467.8009863396116
0.0 3.0 0.0 -11.0 277.691084728434
0.0 3.0 0.0 -10.0 1.2395358857100862
0.0 3.0 0.0 -9.0 1.4830865408220454E-4
0.0 3.0 0.0 -8.0 2.5008957926501204E-4
0.0 3.0 0.0 -7.0 1.4326852482004498E-4
0.0 3.0 0.0 -6.0 2.779065401944131E-4
0.0 3.0 0.0 -5.0 2.8540880551839815E-4
0.0 3.0 0.0 -4.0 2.7993945553605293E-4
0.0 3.0 0.0 -3.0 2.430089465284682E-4
0.0 3.0 0.0 -2.0 2.4103091522152204E-4
0.0 3.0 0.0 -1.0 1.7605649866406358E-4
0.0 3.0 0.0 0.0 1.2645804723870758E-4
0.0 3.0 0.0 1.0 7.522163353030149E-5
0.0 3.0 0.0 2.0 1.3181767844504955E-4
0.0 3.0 0.0 3.0 0.1995552816366585
0.0 3.0 0.0 4.0 0.05295447060258582
0.0 3.0 0.0 5.0 163.01023923463362
0.0 3.0 0.0 6.0 503.34257759846093
0.0 3.0 0.0 7.0 475.80272160916326
0.0 3.0 0.0 8.0 224.0580918463136
0.0 3.0 0.0 9.0 971.8031288453972
0.0 3.0 0.0 10.0 1526.4632557625619
0.0 3.0 0.0 11.0 1714.446230457369
0.0 3.0 0.0 12.0 1545.7003982531983
0.0 3.0 0.0 13.0 1774.1169822813404
0.0 3.0 0.0 14.0 2000.9197075919953
0.0 3.0 0.0 15.0 2506.790605963646
0.0 3.0 0.0 16.0 1086.3265912498744
0.0 3.0 0.0 17.0 1903.4362199055802
0.0 3.0 0.0 18.0 1074.8637540605248
0.0 3.0 0.0 19.0 999.8281387851284
0.0 3.0 0.0 20.0 1152.5976095435246
0.0 3.0 0.0 21.0 2566.283322555436
0.0 3.0 0.0 22.0 5367.31381066496
0.0 3.0 0.0 23.0 3809.7592119412748
0.0 3.0 0.0 24.0 4036.933854609167
0.0 3.0 0.0 25.0 3269.2965713488347
0.0 4.0 0.0 -25.0 3508.1053577529974
0.0 4.0 0.0 -24.0 647.2062727676534
0.0 4.0 0.0 -23.0 1371.7155061820513
0.0 4.0 0.0 -22.0 1631.756724794218
0.0 4.0 0.0 -21.0 1912.534962704547
0.0 4.0 0.0 -20.0 1808.614297873077
0.0 4.0 0.0 -19.0 1294.6565262928875
0.0 4.0 0.0 -18.0 1277.1695826485222
0.0 4.0 0.0 -17.0 1420.4196269176261
0.0 4.0 0.0 -16.0 1174.4314490944098
0.0 4.0 0.0 -15.0 1062.1215886901412
0.0 4.0 0.0 -14.0 563.645230998773
0.0 4.0 0.0 -13.0 275.49631838896175
0.0 4.0 0.0 -12.0 137.23574038158665
0.0 4.0 0.0 -11.0 220.6851824989863
0.0 4.0 0.0 -10.0 3.5511565343824755E-4
0.0 4.0 0.0 -9.0 2.0476901109679085E-4
0.0 4.0 0.0 -8.0 0.0015300377126855776
0.0 4.0 0.0 -7.0 6.566955407800293E-4
0.0 4.0 0.0 -6.0 2.927510315721571E-4
0.0 4.0 0.0 -5.0 4.6575707764311657E-4
0.0 4.0 0.0 -4.0 2.7548005212374357E-4
0.0 4.0 0.0 -3.0 5.228736881104253E-4
0.0 4.0 0.0 -2.0 2.2452524977017811E-4
0.0 4.0 0.0 -1.0 1.8619823915854607E-4
0.0 4.0 0.0 0.0 1.9449658898593032E-4
0.0 4.0 0.0 1.0 1.2179185705586981E-4
0.0 4.0 0.0 2.0 3.010398039268333E-4
0.0 4.0 0.0 3.0 35.37292661035691
0.0 4.0 0.0 4.0 212.14544582585327
0.0 4.0 0.0 5.0 522.4277857179577
0.0 4.0 0.0 6.0 345.36407098923416
0.0 4.0 0.0 7.0 660.7004882558889
0.0 4.0 0.0 8.0 808.2727224901809
0.0 4.0 0.0 9.0 1128.2702603369721
0.0 4.0 0.0 10.0 1800.572517372851
0.0 4.0 0.0 11.0 1614.4169555497897
0.0 4.0 0.0 12.0 1550.3649902210782
0.0 4.0 0.0 13.0 1346.8284883483266
0.0 4.0 0.0 14.0 2183.9452222728705
0.0 4.0 0.0 15.0 1786.4121405278186
0.0 4.0 0.0 16.0 2858.2494443358514
0.0 4.0 0.0 17.0 3136.9465673927525
0.0 4.0 0.0 18.0 3039.0088778633253
0.0 4.0 0.0 19.0 3369.8634144094895
0.0 4.0 0.0 20.0 682.8285553383682
0.0 4.0 0.0 21.0 2699.040661474971
0.0 4.0 0.0 22.0 2703.1355250470015
0.0 4.0 0.0 23.0 1297.6115672842254
0.0 4.0 0.0 24.0 1491.8446391241214
0.0 4.0 0.0 25.0 415.0904002342786
0.0 5.0 0.0 -25.0 3767.3836394389327
0.0 5.0 0.0 -24.0 2888.904309843292
0.0 5.0 0.0 -23.0 2046.023786646555
0.0 5.0 0.0 -22.0 1379.3501623462803
0.0 5.0 0.0 -21.0 2150.6954122370244
0.0 5.0 0.0 -20.0 2185.92478846176
0.0 5.0 0.0 -19.0 1404.275299589854
0.0 5.0 0.0 -18.0 1607.2596774777028
0.0 5.0 0.0 -17.0 1048.8527366458266
0.0 5.0 0.0 -16.0 0.005693130795354087
0.0 5.0 0.0 -15.0 909.2912714376424
0.0 5.0 0.0 -14.0 920.6467438427404
0.0 5.0 0.0 -13.0 319.7326778879834
0.0 5.0 0.0 -12.0 200.25547894789622
0.0 5.0 0.0 -11.0 179.82912717541538
0.0 5.0 0.0 -10.0 0.09891597596487918
0.0 5.0 0.0 -9.0 1.724737439503683E-4
0.0 5.0 0.0 -8.0 2.603818289959261E-4
0.0 5.0 0.0 -7.0 8.897784636407485E-4
0.0 5.0 0.0 -6.0 2.648696196074245E-4
0.0 5.0 0.0 -5.0 3.0952772199862097E-4
0.0 5.0 0.0 -4.0 3.4470294435567385E-4
0.0 5.0 0.0 -3.0 6.554367726649244E-4
0.0 5.0 0.0 -2.0 2.899770312646222E-4
0.0 5.0 0.0 -1.0 1.6494296702070806E-4
0.0 5.0 0.0 0.0 1.4254401650974662E-4
0.0 5.0 0.0 1.0 0.17749337503198773
0.0 5.0 0.0 2.0 78.35432257857123
0.0 5.0 0.0 3.0 335.4818182522786
0.0 5.0 0.0 4.0 574.679802680066
0.0 5.0 0.0 5.0 560.005316233994
0.0 5.0 0.0 6.0 950.2298002211052
0.0 5.0 0.0 7.0 1026.0173266477977
0.0 5.0 0.0 8.0 1027.8391104575762
0.0 5.0 0.0 9.0 2483.4205108283923
0.0 5.0 0.0 10.0 2184.8671990344233
0.0 5.0 0.0 11.0 2016.407845933117
0.0 5.0 0.0 12.0 3278.9447102087142
0.0 5.0 0.0 13.0 2325.836027297995
0.0 5.0 0.0 14.0 2771.7750696976377
0.0 5.0 0.0 15.0 2698.1214172870723
0.0 5.0 0.0 16.0 2761.030657443281
0.0 5.0 0.0 17.0 1744.2854807745744
0.0 5.0 0.0 18.0 2115.908017188034
0.0 5.0 0.0 19.0 2413.1933062621265
0.0 5.0 0.0 20.0 353.0202443782018
0.0 5.0 0.0 21.0 2829.3839941182687
0.0 5.0 0.0 22.0 3306.5216509689326
0.0 5.0 0.0 23.0 2302.5029427001086
0.0 5.0 0.0 24.0 1528.0841322614465
0.0 5.0 0.0 25.0 2984.5268404172407
0.0 6.0 0.0 -25.0 1968.8607717212553
0.0 6.0 0.0 -24.0 1485.9855141935811
0.0 6.0 0.0 -23.0 3586.8901180544212
0.0 6.0 0.0 -22.0 1126.376168715844
0.0 6.0 0.0 -21.0 1711.183466799331
0.0 6.0 0.0 -20.0 972.2503635244088
0.0 6.0 0.0 -19.0 1166.7021564857232
0.0 6.0 0.0 -18.0 1302.7370164494978
0.0 6.0 0.0 -17.0 638.0461564831287
0.0 6.0 0.0 -16.0 932.7438896686507
0.0 6.0 0.0 -15.0 377.8785457690097
0.0 6.0 0.0 -14.0 330.7506749509219
0.0 6.0 0.0 -13.0 266.5156280460211
0.0 6.0 0.0 -12.0 64.42718952100536
0.0 6.0 0.0 -11.0 0.8369338052492996
0.0 6.0 0.0 -10.0 0.0014901428800742494
0.0 6.0 0.0 -9.0 2.1057693516643195E-4
0.0 6.0 0.0 -8.0 3.657262006268568E-4
0.0 6.0 0.0 -7.0 8.46571277042211E-4
0.0 6.0 0.0 -6.0 2.05131365601884E-4
0.0 6.0 0.0 -5.0 3.0034369246477997E-4
0.0 6.0 0.0 -4.0 2.420489769446328E-4
0.0 6.0 0.0 -3.0 2.4279883898559445E-4
0.0 6.0 0.0 -2.0 4.946855222168474E-4
0.0 6.0 0.0 -1.0 2.4143349165420763E-4
0.0 6.0 0.0 0.0 3.738360136585367E-4
0.0 6.0 0.0 1.0 0.26428398986773083
0.0 6.0 0.0 2.0 602.3822296548594
0.0 6.0 0.0 3.0 412.0303175971657
0.0 6.0 0.0 4.0 733.4175429341137
0.0 6.0 0.0 5.0 701.3105767284313
0.0 6.0 0.0 6.0 1381.864403557263
0.0 6.0 0.0 7.0 1790.8975421691543
0.0 6.0 0.0 8.0 1593.2897010642914
0.0 6.0 0.0 9.0 1695.2338517498702
0.0 6.0 0.0 10.0 3124.1165181801207
0.0 6.0 0.0 11.0 1649.3983368471024
0.0 6.0 0.0 12.0 2343.810954219659
0.0 6.0 0.0 13.0 3032.5204140414216
0.0 6.0 0.0 14.0 2341.246206660129
0.0 6.0 0.0 15.0 1238.3340325258114
0.0 6.0 0.0 16.0 1286.632268006332
0.0 6.0 0.0 17.0 3997.3084660034037
0.0 6.0 0.0 18.0 1901.4188946569461
0.0 6.0 0.0 19.0 2552.450481686316
0.0 6.0 0.0 20.0 1957.4656593883906
0.0 6.0 0.0 21.0 1910.2311913898293
0.0 6.0 0.0 22.0 2001.6456115467502
0.0 6.0 0.0 23.0 3578.8215091315087
0.0 6.0 0.0 24.0 3814.4756932093223
0.0 6.0 0.0 25.0 3075.432142537359
0.0 7.0 0.0 -25.0 2620.905253877595
0.0 7.0 0.0 -24.0 1835.4751117275584
0.0 7.0 0.0 -23.0 1964.682455522354
0.0 7.0 0.0 -22.0 2353.295459588945
0.0 7.0 0.0 -21.0 1468.809798436224
0.0 7.0 0.0 -20.0 1735.627317366297
0.0 7.0 0.0 -19.0 1969.7518896879753
0.0 7.0 0.0 -18.0 1683.4601557616731
0.0 7.0 0.0 -17.0 1211.8308213378455
0.0 7.0 0.0 -16.0 548.0677032835827
0.0 7.0 0.0 -15.0 534.8720874539987
0.0 7.0 0.0 -14.0 144.94126963071193
0.0 7.0 0.0 -13.0 262.0601869606141
0.0 7.0 0.0 -12.0 159.36501465573775
0.0 7.0 0.0 -11.0 103.09338016032821
0.0 7.0 0.0 -10.0 54.025175769596316
0.0 7.0 0.0 -9.0 2.7727303477906594E-4
0.0 7.0 0.0 -8.0 2.0797496626967052E-4
0.0 7.0 0.0 -7.0 0.0010855651536475306
0.0 7.0 0.0 -6.0 6.725707916042857E-4
0.0 7.0 0.0 -5.0 1.833906732220001E-4
0.0 7.0 0.0 -4.0 7.296797494534735
0.0 7.0 0.0 -3.0 6.605293732100867E-4
0.0 7.0 0.0 -2.0 2.2272523184759836E-4
0.0 7.0 0.0 -1.0 122.64357206261911
0.0 7.0 0.0 0.0 476.73577068012526
0.0 7.0 0.0 1.0 610.3801748833712
0.0 7.0 0.0 2.0 524.6453108211473
0.0 7.0 0.0 3.0 813.9067996196773
0.0 7.0 0.0 4.0 1219.4621666399307
0.0 7.0 0.0 5.0 1483.6306683245257
0.0 7.0 0.0 6.0 1586.9229416917722
0.0 7.0 0.0 7.0 1460.5783607274252
0.0 7.0 0.0 8.0 1138.5274704785936
0.0 7.0 0.0 9.0 1603.8875526682677
0.0 7.0 0.0 10.0 3781.4614417269404
0.0 7.0 0.0 11.0 2567.8934694547797
0.0 7.0 0.0 12.0 2862.691115742194
0.0 7.0 0.0 13.0 2068.0905356636285
0.0 7.0 0.0 14.0 523.4785844533004
0.0 7.0 0.0 15.0 1567.75539951576
0.0 7.0 0.0 16.0 1458.2335976031143
0.0 7.0 0.0 17.0 614.2491007799339
0.0 7.0 0.0 18.0 3669.696509882616
0.0 7.0 0.0 19.0 1829.853213169482
0.0 7.0 0.0 20.0 3991.8125342299013
0.0 7.0 0.0 21.0 1702.6045228841776
0.0 7.0 0.0 22.0 4502.015797448129
0.0 7.0 0.0 23.0 3308.831803917844
0.0 7.0 0.0 24.0 3381.54606496188
0.0 7.0 0.0 25.0 3536.748250639116
0.0 8.0 0.0 -25.0 2228.149039644345
0.0 8.0 0.0 -24.0 1337.3607495941442
0.0 8.0 0.0 -23.0 1263.6335167103111
0.0 8.0 0.0 -22.0 1619.4453332490878
0.0 8.0 0.0 -21.0 2091.2223514972816
0.0 8.0 0.0 -20.0 1830.27951522117
0.0 8.0 0.0 -19.0 808.9901312448815
0.0 8.0 0.0 -18.0 1239.770330253725
0.0 8.0 0.0 -17.0 281.17038266505415
0.0 8.0 0.0 -16.0 972.1788600853379
0.0 8.0 0.0 -15.0 259.73387317432264
0.0 8.0 0.0 -14.0 328.63795006980024
0.0 8.0 0.0 -13.0 222.93581117809165
0.0 8.0 0.0 -12.0 289.6816347825282
0.0 8.0 0.0 -11.0 112.93097586631461
0.0 8.0 0.0 -10.0 139.070587715738
0.0 8.0 0.0 -9.0 71.97585079521798
0.0 8.0 0.0 -8.0 58.92519540390925
0.0 8.0 0.0 -7.0 77.73189809598757
0.0 8.0 0.0 -6.0 5.004421024379827E-4
0.0 8.0 0.0 -5.0 5.536669557526884
0.0 8.0 0.0 -4.0 4.395563172699341E-4
0.0 8.0 0.0 -3.0 3.7938008004719686E-4
0.0 8.0 0.0 -2.0 441.7485678031835
0.0 8.0 0.0 -1.0 270.23435611121914
0.0 8.0 0.0 0.0 535.7770114322575
0.0 8.0 0.0 1.0 1519.2204575455823
0.0 8.0 0.0 2.0 912.6336298502597
0.0 8.0 0.0 3.0 928.7046464042
0.0 8.0 0.0 4.0 1051.5536520469223
0.0 8.0 0.0 5.0 1219.3962500693763
0.0 8.0 0.0 6.0 1940.2201103971447
0.0 8.0 0.0 7.0 1510.6186354578795
0.0 8.0 0.0 8.0 1625.7292666419569
0.0 8.0 0.0 9.0 1975.1635216002778
0.0 8.0 0.0 10.0 1728.6686403412577
0.0 8.0 0.0 11.0 1764.1749842812492
0.0 8.0 0.0 12.0 2107.609336458162
0.0 8.0 0.0 13.0 2869.3115200418943
0.0 8.0 0.0 14.0 2330.634904309901
0.0 8.0 0.0 15.0 860.3467472784771
0.0 8.0 0.0 16.0 1068.0055291529925
0.0 8.0 0.0 17.0 3214.8692221163756
0.0 8.0 0.0 18.0 2640.126380373565
0.0 8.0 0.0 19.0 3289.539673977327
0.0 8.0 0.0 20.0 2750.7153584364737
0.0 8.0 0.0 21.0 1493.7076042331423
0.0 8.0 0.0 22.0 3230.2163274017325
0.0 8.0 0.0 23.0 2001.8679119006265
0.0 8.0 0.0 24.0 5658.728437592418
0.0 8.0 0.0 25.0 2055.168632145905
0.0 9.0 0.0 -25.0 721.9271151908073
0.0 9.0 0.0 -24.0 2362.021545799091
0.0 9.0 0.0 -23.0 3159.0349874442136
0.0 9.0 0.0 -22.0 1203.453929094553
0.0 9.0 0.0 -21.0 1565.636546576024
0.0 9.0 0.0 -20.0 1172.0247314666117
0.0 9.0 0.0 -19.0 946.6602181399608
0.0 9.0 0.0 -18.0 1218.2746587612894
0.0 9.0 0.0 -17.0 460.046906128415
0.0 9.0 0.0 -16.0 421.4630930363995
0.0 9.0 0.0 -15.0 9.729083671604807E-4
0.0 9.0 0.0 -14.0 232.02809446463948
0.0 9.0 0.0 -13.0 155.6788454440881
0.0 9.0 0.0 -12.0 176.56959122630747
0.0 9.0 0.0 -11.0 306.1756485262823
0.0 9.0 0.0 -10.0 66.71851929494753
0.0 9.0 0.0 -9.0 221.68130309427053
0.0 9.0 0.0 -8.0 157.7180113017574
0.0 9.0 0.0 -7.0 215.72655130554585
0.0 9.0 0.0 -6.0 0.0016113539005981577
0.0 9.0 0.0 -5.0 5.086316530063325E-4
0.0 9.0 0.0 -4.0 86.6281670809978
0.0 9.0 0.0 -3.0 720.7744634895872
0.0 9.0 0.0 -2.0 490.7740020865564
0.0 9.0 0.0 -1.0 646.2370268936903
0.0 9.0 0.0 0.0 654.2036618411446
0.0 9.0 0.0 1.0 941.827344959535
0.0 9.0 0.0 2.0 1098.234455139349
0.0 9.0 0.0 3.0 1872.008166508791
0.0 9.0 0.0 4.0 2352.845542310698
0.0 9.0 0.0 5.0 2494.587832654225
0.0 9.0 0.0 6.0 1812.7401458293714
0.0 9.0 0.0 7.0 1935.238047447278
0.0 9.0 0.0 8.0 2629.8647066944363
0.0 9.0 0.0 9.0 1003.4043246557045
0.0 9.0 0.0 10.0 2715.863700815469
0.0 9.0 0.0 11.0 2334.1500011886687
0.0 9.0 0.0 12.0 4215.283533668126
0.0 9.0 0.0 13.0 2720.3755634291133
0.0 9.0 0.0 14.0 2696.5910325162795
0.0 9.0 0.0 15.0 3656.9506944013924
0.0 9.0 0.0 16.0 4600.745595217624
0.0 9.0 0.0 17.0 1387.2194953544831
0.0 9.0 0.0 18.0 5581.555053584407
0.0 9.0 0.0 19.0 5953.620351139072
0.0 9.0 0.0 20.0 5512.241105349145
0.0 9.0 0.0 21.0 1409.1934590984881
0.0 9.0 0.0 22.0 1076.4998561336959
0.0 9.0 0.0 23.0 2202.775867348952
0.0 9.0 0.0 24.0 7090.936484625841
0.0 9.0 0.0 25.0 4556.001103455891
0.0 10.0 0.0 -25.0 1929.479283579442
0.0 10.0 0.0 -24.0 2176.3216011929267
0.0 10.0 0.0 -23.0 1043.7084143977524
0.0 10.0 0.0 -22.0 2237.9990498711204
0.0 10.0 0.0 -21.0 1581.3146232811775
0.0 10.0 0.0 -20.0 1275.295925830642
0.0 10.0 0.0 -19.0 819.7030836035826
0.0 10.0 0.0 -18.0 845.7288207611703
0.0 10.0 0.0 -17.0 359.35849347711803
0.0 10.0 0.0 -16.0 0.03202993172370197
0.0 10.0 0.0 -15.0 143.85150146504057
0.0 10.0 0.0 -14.0 479.9886316026105
0.0 10.0 0.0 -13.0 156.10036600872883
0.0 10.0 0.0 -12.0 301.4164503150256
0.0 10.0 0.0 -11.0 209.00346630487428
0.0 10.0 0.0 -10.0 159.5413972410396
0.0 10.0 0.0 -9.0 240.3646457760783
0.0 10.0 0.0 -8.0 174.66238094644785
0.0 10.0 0.0 -7.0 3.616693370489392E-4
0.0 10.0 0.0 -6.0 286.35884048493
0.0 10.0 0.0 -5.0 506.33366630926736
0.0 10.0 0.0 -4.0 537.4334316609271
0.0 10.0 0.0 -3.0 985.8621054714864
0.0 10.0 0.0 -2.0 782.687051474145
0.0 10.0 0.0 -1.0 1126.9945596116731
0.0 10.0 0.0 0.0 1314.54067557872
0.0 10.0 0.0 1.0 1072.7631881856412
0.0 10.0 0.0 2.0 2222.3108234270194
0.0 10.0 0.0 3.0 2293.742892590354
0.0 10.0 0.0 4.0 1266.3934909862764
0.0 10.0 0.0 5.0 1973.298017846344
0.0 10.0 0.0 6.0 2781.2362550007065
0.0 10.0 0.0 7.0 2338.410761860917
0.0 10.0 0.0 8.0 2329.190816323211
0.0 10.0 0.0 9.0 3256.3305036597562
0.0 10.0 0.0 10.0 1636.2669092981541
0.0 10.0 0.0 11.0 2779.382143668894
0.0 10.0 0.0 12.0 3198.3383666407262
0.0 10.0 0.0 13.0 1203.2904846179013
0.0 10.0 0.0 14.0 3849.3897340345607
0.0 10.0 0.0 15.0 2392.7489806730027
0.0 10.0 0.0 16.0 2404.987205390924
0.0 10.0 0.0 17.0 3695.446079246653
0.0 10.0 0.0 18.0 1013.66730635824
0.0 10.0 0.0 19.0 3801.361665402242
0.0 10.0 0.0 20.0 3575.207978343724
0.0 10.0 0.0 21.0 4256.13622839917
0.0 10.0 0.0 22.0 2510.827354938791
0.0 10.0 0.0 23.0 5618.319081241081
0.0 10.0 0.0 24.0 3750.5674526940647
0.0 10.0 0.0 25.0 970.174433720369
0.0 11.0 0.0 -25.0 2238.6016604920264
0.0 11.0 0.0 -24.0 2001.7611722392949
0.0 11.0 0.0 -23.0 2294.6887678437292
0.0 11.0 0.0 -22.0 1885.8130448196177
0.0 11.0 0.0 -21.0 1302.1627772109996
0.0 11.0 0.0 -20.0 965.4286944834525
0.0 11.0 0.0 -19.0 1195.7502953467122
0.0 11.0 0.0 -18.0 312.45738039594306
0.0 11.0 0.0 -17.0 6.272650102168087E-4
0.0 11.0 0.0 -16.0 326.67345819803904
0.0 11.0 0.0 -15.0 505.8755529240103
0.0 11.0 0.0 -14.0 551.3205320040166
0.0 11.0 0.0 -13.0 226.75911203156286
0.0 11.0 0.0 -12.0 418.65527701465396
0.0 11.0 0.0 -11.0 327.97608227102023
0.0 11.0 0.0 -10.0 404.7944215782656
0.0 11.0 0.0 -9.0 940.8108789410684
0.0 11.0 0.0 -8.0 404.54826895152974
0.0 11.0 0.0 -7.0 421.63289557963583
0.0 11.0 0.0 -6.0 542.6213655951328
0.0 11.0 0.0 -5.0 385.0059546631385
0.0 11.0 0.0 -4.0 777.2447695497433
0.0 11.0 0.0 -3.0 1287.6831416891457
0.0 11.0 0.0 -2.0 1205.3622008463678
0.0 11.0 0.0 -1.0 1417.9005519838631
0.0 11.0 0.0 0.0 1938.0685653677529
0.0 11.0 0.0 1.0 1302.1413549363167
0.0 11.0 0.0 2.0 2334.272614197718
0.0 11.0 0.0 3.0 1901.6720207393128
0.0 11.0 0.0 4.0 2410.3429343289154
0.0 11.0 0.0 5.0 2992.7678338703045
0.0 11.0 0.0 6.0 2782.715943590492
0.0 11.0 0.0 7.0 1782.0389261492426
0.0 11.0 0.0 8.0 3245.2364504915813
0.0 11.0 0.0 9.0 2570.366603065649
0.0 11.0 0.0 10.0 2445.638941704359
0.0 11.0 0.0 11.0 2030.2465251341848
0.0 11.0 0.0 12.0 742.2183651290608
0.0 11.0 0.0 13.0 2587.59735573776
0.0 11.0 0.0 14.0 2142.5868366554814
0.0 11.0 0.0 15.0 2690.26558443499
0.0 11.0 0.0 16.0 1071.392782884191
0.0 11.0 0.0 17.0 4027.1165054203566
0.0 11.0 0.0 18.0 5079.8832043450675
0.0 11.0 0.0 19.0 1256.6373280730973
0.0 11.0 0.0 20.0 1009.9420116055295
0.0 11.0 0.0 21.0 1812.6374001327786
0.0 11.0 0.0 22.0 2325.4226604322043
0.0 11.0 0.0 23.0 1154.25479337725
0.0 11.0 0.0 24.0 3282.2450172821086
0.0 11.0 0.0 25.0 569.3751708924761
0.0 12.0 0.0 -25.0 1833.5598707648273
0.0 12.0 0.0 -24.0 2289.3381053375115
0.0 12.0 0.0 -23.0 1241.8668145315082
0.0 12.0 0.0 -22.0 1005.6120037147653
0.0 12.0 0.0 -21.0 1479.6450693643128
0.0 12.0 0.0 -20.0 1921.4305353012135
0.0 12.0 0.0 -19.0 0.0018117783543723969
0.0 12.0 0.0 -18.0 0.0012142044718805992
0.0 12.0 0.0 -17.0 447.5728568955027
0.0 12.0 0.0 -16.0 680.6511402614057
0.0 12.0 0.0 -15.0 612.6129667380008
0.0 12.0 0.0 -14.0 406.26253029470735
0.0 12.0 0.0 -13.0 626.7497266938342
0.0 12.0 0.0 -12.0 500.5628971540666
0.0 12.0 0.0 -11.0 594.803551272584
0.0 12.0 0.0 -10.0 390.352177093375
0.0 12.0 0.0 -9.0 1112.7491684657818
0.0 12.0 0.0 -8.0 510.7129651743503
0.0 12.0 0.0 -7.0 797.7124706741977
0.0 12.0 0.0 -6.0 762.0072143501204
0.0 12.0 0.0 -5.0 1263.2694654998977
0.0 12.0 0.0 -4.0 994.4239970717258
0.0 12.0 0.0 -3.0 977.6626430119618
0.0 12.0 0.0 -2.0 1706.5055228634096
0.0 12.0 0.0 -1.0 1683.833400266941
0.0 12.0 0.0 0.0 2230.0410956832047
0.0 12.0 0.0 1.0 1571.7575711655682
0.0 12.0 0.0 2.0 2244.862660719661
0.0 12.0 0.0 3.0 2010.8670072670059
0.0 12.0 0.0 4.0 1145.2092021038993
0.0 12.0 0.0 5.0 2542.4096927216237
0.0 12.0 0.0 6.0 2539.0637771885504
0.0 12.0 0.0 7.0 3775.740966192153
0.0 12.0 0.0 8.0 3117.7754188324834
0.0 12.0 0.0 9.0 4802.917443516555
0.0 12.0 0.0 10.0 1740.0758439738734
0.0 12.0 0.0 11.0 3134.4166970026236
0.0 12.0 0.0 12.0 4331.919650696425
0.0 12.0 0.0 13.0 2490.0462541966504
0.0 12.0 0.0 14.0 1536.9922415842807
0.0 12.0 0.0 15.0 2794.423116259422
0.0 12.0 0.0 16.0 3626.9459683037257
0.0 12.0 0.0 17.0 2725.591585007322
0.0 12.0 0.0 18.0 1155.696355904453
0.0 12.0 0.0 19.0 4303.830724301726
0.0 12.0 0.0 20.0 4432.359863117401
0.0 12.0 0.0 21.0 2731.86779987595
0.0 12.0 0.0 22.0 2978.540259036026
0.0 12.0 0.0 23.0 6036.624664434288
0.0 12.0 0.0 24.0 1597.7282928643613
0.0 12.0 0.0 25.0 1084.1550248854448
0.0 13.0 0.0 -25.0 1293.9837107428405
0.0 13.0 0.0 -24.0 1713.2952473928094
0.0 13.0 0.0 -23.0 1326.1327297602145
0.0 13.0 0.0 -22.0 1490.0578499371984
0.0 13.0 0.0 -21.0 0.004031199546084638
0.0 13.0 0.0 -20.0 0.0014392702682082485
0.0 13.0 0.0 -19.0 1168.0867970576437
0.0 13.0 0.0 -18.0 1589.2868582335027
0.0 13.0 0.0 -17.0 570.1716226310621
0.0 13.0 0.0 -16.0 564.4367107945992
0.0 13.0 0.0 -15.0 722.7004835024431
0.0 13.0 0.0 -14.0 902.5000303896339
0.0 13.0 0.0 -13.0 412.41075903898724
0.0 13.0 0.0 -12.0 210.32403422982884
0.0 13.0 0.0 -11.0 699.2341482999132
0.0 13.0 0.0 -10.0 321.9395641598981
0.0 13.0 0.0 -9.0 687.4680968438738
0.0 13.0 0.0 -8.0 653.6873347248867
0.0 13.0 0.0 -7.0 784.397155188828
0.0 13.0 0.0 -6.0 917.369597233665
0.0 13.0 0.0 -5.0 1672.0930682518692
0.0 13.0 0.0 -4.0 1392.0452597059875
0.0 13.0 0.0 -3.0 1762.7940791425917
0.0 13.0 0.0 -2.0 1829.0471743163257
0.0 13.0 0.0 -1.0 1442.3483555577832
0.0 13.0 0.0 0.0 2058.145843965399
0.0 13.0 0.0 1.0 1523.5724911411826
0.0 13.0 0.0 2.0 2218.377820830293
0.0 13.0 0.0 3.0 3054.2639190930854
0.0 13.0 0.0 4.0 2758.880222195764
0.0 13.0 0.0 5.0 1527.5617371878484
0.0 13.0 0.0 6.0 1309.296547524422
0.0 13.0 0.0 7.0 1885.585000365786
0.0 13.0 0.0 8.0 2586.183544566894
0.0 13.0 0.0 9.0 4313.327094868649
0.0 13.0 0.0 10.0 1939.3069751028575
0.0 13.0 0.0 11.0 3046.331546607654
0.0 13.0 0.0 12.0 2341.5994749861793
0.0 13.0 0.0 13.0 2749.4763980956354
0.0 13.0 0.0 14.0 4678.875323930496
0.0 13.0 0.0 15.0 1478.5306141375938
0.0 13.0 0.0 16.0 2455.369557260373
0.0 13.0 0.0 17.0 3520.1828312985544
0.0 13.0 0.0 18.0 4789.872575840358
0.0 13.0 0.0 19.0 1613.5987753944073
0.0 13.0 0.0 20.0 1006.4079417447269
0.0 13.0 0.0 21.0 2533.2258436243865
0.0 13.0 0.0 22.0 1343.3333299645433
0.0 13.0 0.0 23.0 2198.4863724679785
0.0 13.0 0.0 24.0 3304.0896094675704
0.0 13.0 0.0 25.0 4255.123976673572
0.0 14.0 0.0 -25.0 1798.658388684785
0.0 14.0 0.0 -24.0 1449.3236769324303
0.0 14.0 0.0 -23.0 1748.2835308155577
0.0 14.0 0.0 -22.0 0.0017312741777453038
0.0 14.0 0.0 -21.0 1214.1089427303416
0.0 14.0 0.0 -20.0 1419.407991901432
0.0 14.0 0.0 -19.0 1146.265325624928
0.0 14.0 0.0 -18.0 667.874145817432
0.0 14.0 0.0 -17.0 860.8964036777666
0.0 14.0 0.0 -16.0 571.9964932237173
0.0 14.0 0.0 -15.0 918.7982012657149
0.0 14.0 0.0 -14.0 1131.0825684261056
0.0 14.0 0.0 -13.0 421.15821783235685
0.0 14.0 0.0 -12.0 742.1073681917894
0.0 14.0 0.0 -11.0 1438.1717867068514
0.0 14.0 0.0 -10.0 742.6580081065309
0.0 14.0 0.0 -9.0 1274.0290397949839
0.0 14.0 0.0 -8.0 1513.700398428097
0.0 14.0 0.0 -7.0 1025.2192103629204
0.0 14.0 0.0 -6.0 1603.3393952100678
0.0 14.0 0.0 -5.0 1331.0308374409296
0.0 14.0 0.0 -4.0 1336.5077705647116
0.0 14.0 0.0 -3.0 1007.400441812679
0.0 14.0 0.0 -2.0 1604.1570473810236
0.0 14.0 0.0 -1.0 2906.1071312039326
0.0 14.0 0.0 0.0 1608.0373970758344
0.0 14.0 0.0 1.0 735.579019100511
0.0 14.0 0.0 2.0 1942.5488141961994
0.0 14.0 0.0 3.0 2254.7778567437645
0.0 14.0 0.0 4.0 1202.4648756121803
0.0 14.0 0.0 5.0 1945.6120145855768
0.0 14.0 0.0 6.0 1895.666647985916
0.0 14.0 0.0 7.0 1846.4681219930446
0.0 14.0 0.0 8.0 2106.396954958088
0.0 14.0 0.0 9.0 1069.1320341642001
0.0 14.0 0.0 10.0 744.5864553888583
0.0 14.0 0.0 11.0 1651.8506952877542
0.0 14.0 0.0 12.0 2024.1949910629232
0.0 14.0 0.0 13.0 3658.828311785068
0.0 14.0 0.0 14.0 2602.1821558708416
0.0 14.0 0.0 15.0 4033.3551737674807
0.0 14.0 0.0 16.0 1741.0922257092745
0.0 14.0 0.0 17.0 2038.7605390800602
0.0 14.0 0.0 18.0 1698.0205301670615
0.0 14.0 0.0 19.0 3261.653730648228
0.0 14.0 0.0 20.0 2995.0623274211625
0.0 14.0 0.0 21.0 903.2446385725
0.0 14.0 0.0 22.0 1307.6951533216418
0.0 14.0 0.0 23.0 2940.863226262943
0.0 14.0 0.0 24.0 5146.525713568151
0.0 14.0 0.0 25.0 4389.167073954855
0.0 15.0 0.0 -25.0 0.015964260615442302
0.0 15.0 0.0 -24.0 0.04712600010017144
0.0 15.0 0.0 -23.0 0.019818097779848356
0.0 15.0 0.0 -22.0 1872.170018605754
0.0 15.0 0.0 -21.0 1467.992833313805
0.0 15.0 0.0 -20.0 873.8142927673184
0.0 15.0 0.0 -19.0 2165.0388462569194
0.0 15.0 0.0 -18.0 1237.6458529289116
0.0 15.0 0.0 -17.0 1072.5719509495448
0.0 15.0 0.0 -16.0 978.8878496873411
0.0 15.0 0.0 -15.0 1253.3398084013102
0.0 15.0 0.0 -14.0 929.0073871214819
0.0 15.0 0.0 -13.0 1232.5875406806651
0.0 15.0 0.0 -12.0 1375.6764741612888
0.0 15.0 0.0 -11.0 1069.4202930521844
0.0 15.0 0.0 -10.0 1159.3709358762237
0.0 15.0 0.0 -9.0 1824.8183759198082
0.0 15.0 0.0 -8.0 1426.8813037331024
0.0 15.0 0.0 -7.0 1655.439085185812
0.0 15.0 0.0 -6.0 1658.100290461187
0.0 15.0 0.0 -5.0 1800.7474690829802
0.0 15.0 0.0 -4.0 1889.6542751263205
0.0 15.0 0.0 -3.0 2901.2351512285436
0.0 15.0 0.0 -2.0 1370.4910928105612
0.0 15.0 0.0 -1.0 1811.9861113870418
0.0 15.0 0.0 0.0 2621.469334014945
0.0 15.0 0.0 1.0 2083.0614824294767
0.0 15.0 0.0 2.0 2960.4603365555445
0.0 15.0 0.0 3.0 3031.283641431158
0.0 15.0 0.0 4.0 2337.243418129425
0.0 15.0 0.0 5.0 4571.558398091021
0.0 15.0 0.0 6.0 2403.932745925338
0.0 15.0 0.0 7.0 3080.0130426815376
0.0 15.0 0.0 8.0 4187.9205580175585
0.0 15.0 0.0 9.0 3093.3094077226115
0.0 15.0 0.0 10.0 5392.289388736061
0.0 15.0 0.0 11.0 3164.953910820273
0.0 15.0 0.0 12.0 1850.2283394768447
0.0 15.0 0.0 13.0 993.7681763854835
0.0 15.0 0.0 14.0 1705.6624094636318
0.0 15.0 0.0 15.0 2902.580912662679
0.0 15.0 0.0 16.0 3848.736171582876
0.0 15.0 0.0 17.0 2059.3935105121445
0.0 15.0 0.0 18.0 2509.1467578063425
0.0 15.0 0.0 19.0 2090.7132690097337
0.0 15.0 0.0 20.0 3116.57876950303
0.0 15.0 0.0 21.0 703.7972802040454
0.0 15.0 0.0 22.0 5327.882514131688
0.0 15.0 0.0 23.0 2417.9270794625522
0.0 15.0 0.0 24.0 2028.9995187475022
0.0 15.0 0.0 25.0 1088.0732618182622
0.0 16.0 0.0 -25.0 0.0018072158925508445
0.0 16.0 0.0 -24.0 1559.136883035949
0.0 16.0 0.0 -23.0 1906.8914348812925
0.0 16.0 0.0 -22.0 1305.626727028212
0.0 16.0 0.0 -21.0 1866.5661419393527
0.0 16.0 0.0 -20.0 1512.1324119071905
0.0 16.0 0.0 -19.0 1052.3517159753844
0.0 16.0 0.0 -18.0 952.2480844747106
0.0 16.0 0.0 -17.0 1989.3731706045974
0.0 16.0 0.0 -16.0 1210.6774385396582
0.0 16.0 0.0 -15.0 1106.285461374677
0.0 16.0 0.0 -14.0 2058.554640990891
0.0 16.0 0.0 -13.0 1583.8227920742547
0.0 16.0 0.0 -12.0 1447.46839838816
0.0 16.0 0.0 -11.0 1379.6247478775144
0.0 16.0 0.0 -10.0 1774.3979976529786
0.0 16.0 0.0 -9.0 1733.7689628748792
0.0 16.0 0.0 -8.0 1682.3370657943478
0.0 16.0 0.0 -7.0 2104.1463432792334
0.0 16.0 0.0 -6.0 1787.320730750901
0.0 16.0 0.0 -5.0 1609.567455136754
0.0 16.0 0.0 -4.0 1591.694023586625
0.0 16.0 0.0 -3.0 2826.712578022701
0.0 16.0 0.0 -2.0 1986.0944087413827
0.0 16.0 0.0 -1.0 2512.257747791615
0.0 16.0 0.0 0.0 2915.076905016873
0.0 16.0 0.0 1.0 1960.1196473019502
0.0 16.0 0.0 2.0 2844.5424500729314
0.0 16.0 0.0 3.0 4291.110916312559
0.0 16.0 0.0 4.0 2824.1693465405033
0.0 16.0 0.0 5.0 2126.1402593146654
0.0 16.0 0.0 6.0 1849.1727502865376
0.0 16.0 0.0 7.0 1023.4761887668692
0.0 16.0 0.0 8.0 5214.658768679168
0.0 16.0 0.0 9.0 1209.437476787495
0.0 16.0 0.0 10.0 2619.0384168721607
0.0 16.0 0.0 11.0 1319.2965609652715
0.0 16.0 0.0 12.0 869.3515086674003
0.0 16.0 0.0 13.0 2322.940734542829
0.0 16.0 0.0 14.0 1588.5480827910462
0.0 16.0 0.0 15.0 4927.4657578701
0.0 16.0 0.0 16.0 4499.887917929016
0.0 16.0 0.0 17.0 2468.2516255808214
0.0 16.0 0.0 18.0 2196.25070950763
0.0 16.0 0.0 19.0 1233.8303789055376
0.0 16.0 0.0 20.0 3547.3772544517196
0.0 16.0 0.0 21.0 1926.0527040280813
0.0 16.0 0.0 22.0 3043.856425866878
0.0 16.0 0.0 23.0 1443.7013913154915
0.0 16.0 0.0 24.0 2476.160406768307
0.0 16.0 0.0 25.0 4171.420255583758
0.0 17.0 0.0 -25.0 1545.814938954175
0.0 17.0 0.0 -24.0 2511.5237259029514
0.0 17.0 0.0 -23.0 1077.0679930087058
0.0 17.0 0.0 -22.0 1374.846669186725
0.0 17.0 0.0 -21.0 1462.8032913797933
0.0 17.0 0.0 -20.0 1014.2003659994288
0.0 17.0 0.0 -19.0 1019.9271498745356
0.0 17.0 0.0 -18.0 1421.7088792200423
0.0 17.0 0.0 -17.0 1310.6235137213819
0.0 17.0 0.0 -16.0 1771.7783210931864
0.0 17.0 0.0 -15.0 1405.5434220142383
0.0 17.0 0.0 -14.0 899.7137594763512
0.0 17.0 0.0 -13.0 1484.1755272567175
0.0 17.0 0.0 -12.0 1318.9262504258568
0.0 17.0 0.0 -11.0 1809.9898491272738
0.0 17.0 0.0 -10.0 1511.2519898193132
0.0 17.0 0.0 -9.0 1944.9091314289444
0.0 17.0 0.0 -8.0 2432.852435144884
0.0 17.0 0.0 -7.0 2795.3253966364086
0.0 17.0 0.0 -6.0 1793.1398180248616
0.0 17.0 0.0 -5.0 1253.2772557449596
0.0 17.0 0.0 -4.0 2036.9246559106505
0.0 17.0 0.0 -3.0 3073.8277609738193
0.0 17.0 0.0 -2.0 2302.726556670522
0.0 17.0 0.0 -1.0 4339.655099605136
0.0 17.0 0.0 0.0 1964.7339677746018
0.0 17.0 0.0 1.0 4298.236060720548
0.0 17.0 0.0 2.0 4876.193807573761
0.0 17.0 0.0 3.0 3512.062468727813
0.0 17.0 0.0 4.0 3654.4134837813726
0.0 17.0 0.0 5.0 585.5835196277385
0.0 17.0 0.0 6.0 4175.994016622671
0.0 17.0 0.0 7.0 4185.057521860964
0.0 17.0 0.0 8.0 1114.9196359486377
0.0 17.0 0.0 9.0 1389.002662541388
0.0 17.0 0.0 10.0 4043.076715551334
0.0 17.0 0.0 11.0 2794.4386483656285
0.0 17.0 0.0 12.0 1546.3482062655828
0.0 17.0 0.0 13.0 3884.35259141611
0.0 17.0 0.0 14.0 3099.51452935815
0.0 17.0 0.0 15.0 4393.302598217835
0.0 17.0 0.0 16.0 2093.0923595107383
0.0 17.0 0.0 17.0 4712.657386204496
0.0 17.0 0.0 18.0 3697.371659016085
0.0 17.0 0.0 19.0 1396.655001358718
0.0 17.0 0.0 20.0 1559.1108204638883
0.0 17.0 0.0 21.0 3307.1597318359645
0.0 17.0 0.0 22.0 5474.6503352823565
0.0 17.0 0.0 23.0 1468.7185395267602
0.0 17.0 0.0 24.0 2887.7805005157047
0.0 17.0 0.0 25.0 2263.6628500050715
0.0 18.0 0.0 -25.0 1542.339068848903
0.0 18.0 0.0 -24.0 1960.8422906489357
0.0 18.0 0.0 -23.0 2447.3810678931104
0.0 18.0 0.0 -22.0 1756.4116429293024
0.0 18.0 0.0 -21.0 1196.427056162148
0.0 18.0 0.0 -20.0 1680.49156097237
0.0 18.0 0.0 -19.0 1787.2432195205433
0.0 18.0 0.0 -18.0 1442.3664189372535
0.0 18.0 0.0 -17.0 1588.9199628327892
0.0 18.0 0.0 -16.0 1338.3232301284588
0.0 18.0 0.0 -15.0 2512.556472792737
0.0 18.0 0.0 -14.0 1429.1763488838383
0.0 18.0 0.0 -13.0 1739.7361835546956
0.0 18.0 0.0 -12.0 1535.2946758133758
0.0 18.0 0.0 -11.0 625.514906335671
0.0 18.0 0.0 -10.0 2775.1101848178173
0.0 18.0 0.0 -9.0 1589.8019720951113
0.0 18.0 0.0 -8.0 2739.4321580583733
0.0 18.0 0.0 -7.0 2087.3576031881166
0.0 18.0 0.0 -6.0 3813.382068353846
0.0 18.0 0.0 -5.0 1970.2360446464993
0.0 18.0 0.0 -4.0 1033.2045542148378
0.0 18.0 0.0 -3.0 3779.2575709321186
0.0 18.0 0.0 -2.0 4336.070234992357
0.0 18.0 0.0 -1.0 3196.9440172806057
0.0 18.0 0.0 0.0 2412.386477940976
0.0 18.0 0.0 1.0 812.9144352277209
0.0 18.0 0.0 2.0 3649.865423534147
0.0 18.0 0.0 3.0 2712.9816153237816
0.0 18.0 0.0 4.0 1211.4881376952856
0.0 18.0 0.0 5.0 3031.410193733188
0.0 18.0 0.0 6.0 5407.500214375273
0.0 18.0 0.0 7.0 6927.878120688967
0.0 18.0 0.0 8.0 2552.157389363648
0.0 18.0 0.0 9.0 1934.3859684705103
0.0 18.0 0.0 10.0 1771.6216052413724
0.0 18.0 0.0 11.0 2049.006988629801
0.0 18.0 0.0 12.0 5432.295277584288
0.0 18.0 0.0 13.0 2475.6164855233487
0.0 18.0 0.0 14.0 2956.5936347443494
0.0 18.0 0.0 15.0 1232.7464982090253
0.0 18.0 0.0 16.0 4306.300829910484
0.0 18.0 0.0 17.0 2101.187918605211
0.0 18.0 0.0 18.0 2577.05411713804
0.0 18.0 0.0 19.0 1073.5416804025947
0.0 18.0 0.0 20.0 3339.8618502750155
0.0 18.0 0.0 21.0 3553.0960045459256
0.0 18.0 0.0 22.0 1758.2009249936505
0.0 18.0 0.0 23.0 3606.7250359308455
0.0 18.0 0.0 24.0 3739.168049628435
0.0 18.0 0.0 25.0 2464.772491866252
0.0 19.0 0.0 -25.0 1531.8329468857535
0.0 19.0 0.0 -24.0 2430.133050672276
0.0 19.0 0.0 -23.0 2305.7512489432347
0.0 19.0 0.0 -22.0 1714.584049360453
0.0 19.0 0.0 -21.0 1260.486489641316
0.0 19.0 0.0 -20.0 2554.3680806497623
0.0 19.0 0.0 -19.0 1968.4826749290098
0.0 19.0 0.0 -18.0 2509.755700182671
0.0 19.0 0.0 -17.0 1294.6488431668308
0.0 19.0 0.0 -16.0 1861.4525785409787
0.0 19.0 0.0 -15.0 1625.5434519188977
0.0 19.0 0.0 -14.0 1883.9278448677865
0.0 19.0 0.0 -13.0 1997.0636294546478
0.0 19.0 0.0 -12.0 2585.58479639011
0.0 19.0 0.0 -11.0 3161.908350886014
0.0 19.0 0.0 -10.0 1803.3112018126135
0.0 19.0 0.0 -9.0 2315.5145961069265
0.0 19.0 0.0 -8.0 2214.7372587034233
0.0 19.0 0.0 -7.0 1478.3126168526962
0.0 19.0 0.0 -6.0 3687.0759075016567
0.0 19.0 0.0 -5.0 2552.4797721000914
0.0 19.0 0.0 -4.0 4118.302417609522
0.0 19.0 0.0 -3.0 4116.39098220675
0.0 19.0 0.0 -2.0 2719.625085165885
0.0 19.0 0.0 -1.0 727.6569927232154
0.0 19.0 0.0 0.0 3038.328269793176
0.0 19.0 0.0 1.0 441.79940852894475
0.0 19.0 0.0 2.0 3519.500785438523
0.0 19.0 0.0 3.0 2928.305131428584
0.0 19.0 0.0 4.0 5317.948878239842
0.0 19.0 0.0 5.0 3823.2111862381935
0.0 19.0 0.0 6.0 2768.276493950317
0.0 19.0 0.0 7.0 2192.0664803145673
0.0 19.0 0.0 8.0 4250.473385142194
0.0 19.0 0.0 9.0 1136.5945715023138
0.0 19.0 0.0 10.0 5662.730716698098
0.0 19.0 0.0 11.0 1311.4479541688845
0.0 19.0 0.0 12.0 820.5199039761898
0.0 19.0 0.0 13.0 4017.5562901864987
0.0 19.0 0.0 14.0 2632.997549668933
0.0 19.0 0.0 15.0 2781.3177169624373
0.0 19.0 0.0 16.0 1902.520193624434
0.0 19.0 0.0 17.0 3392.5381457132194
0.0 19.0 0.0 18.0 3645.56476955033
0.0 19.0 0.0 19.0 2993.106484538355
0.0 19.0 0.0 20.0 5117.325990335998
0.0 19.0 0.0 21.0 4905.949621775439
0.0 19.0 0.0 22.0 1222.6107243648353
0.0 19.0 0.0 23.0 1724.350983117099
0.0 19.0 0.0 24.0 2950.777806440835
0.0 19.0 0.0 25.0 3108.9580892354406
0.0 20.0 0.0 -25.0 1236.3662628493248
0.0 20.0 0.0 -24.0 1650.0013876027972
0.0 20.0 0.0 -23.0 2457.965041488127
0.0 20.0 0.0 -22.0 1934.8302154196665
0.0 20.0 0.0 -21.0 1721.9333309975107
0.0 20.0 0.0 -20.0 2287.5967553227993
0.0 20.0 0.0 -19.0 2068.7242660784414
0.0 20.0 0.0 -18.0 2868.3927277308926
0.0 20.0 0.0 -17.0 2222.700915006543
0.0 20.0 0.0 -16.0 2172.7226369691243
0.0 20.0 0.0 -15.0 2208.1667098340768
0.0 20.0 0.0 -14.0 2411.357342160525
0.0 20.0 0.0 -13.0 1874.3766395527746
0.0 20.0 0.0 -12.0 1775.2407374152283
0.0 20.0 0.0 -11.0 2463.5402707168305
0.0 20.0 0.0 -10.0 3581.7542781531033
0.0 20.0 0.0 -9.0 2308.440014459099
0.0 20.0 0.0 -8.0 1149.1403412108075
0.0 20.0 0.0 -7.0 2060.898791787699
0.0 20.0 0.0 -6.0 3443.127673256771
0.0 20.0 0.0 -5.0 3137.887084629188
0.0 20.0 0.0 -4.0 2166.084468215357
0.0 20.0 0.0 -3.0 3620.290046654678
0.0 20.0 0.0 -2.0 2058.2438798037765
0.0 20.0 0.0 -1.0 1991.2827605468651
0.0 20.0 0.0 0.0 3619.0746605217983
0.0 20.0 0.0 1.0 3710.6237986412475
0.0 20.0 0.0 2.0 2370.9282200316034
0.0 20.0 0.0 3.0 1376.053160914071
0.0 20.0 0.0 4.0 3174.904849933049
0.0 20.0 0.0 5.0 2448.606669755811
0.0 20.0 0.0 6.0 1922.1600857110154
0.0 20.0 0.0 7.0 4726.480434853445
0.0 20.0 0.0 8.0 3895.7124563475263
0.0 20.0 0.0 9.0 1617.4081487652395
0.0 20.0 0.0 10.0 2680.2861936382524
0.0 20.0 0.0 11.0 2446.562078917534
0.0 20.0 0.0 12.0 3516.661153361967
0.0 20.0 0.0 13.0 1251.609526128781
0.0 20.0 0.0 14.0 3413.229098790167
0.0 20.0 0.0 15.0 1526.5997440148399
0.0 20.0 0.0 16.0 5458.818363821571
0.0 20.0 0.0 17.0 1438.6596722397308
0.0 20.0 0.0 18.0 785.000151228619
0.0 20.0 0.0 19.0 3264.801600570916
0.0 20.0 0.0 20.0 1979.4772606550418
0.0 20.0 0.0 21.0 1370.1520856849247
0.0 20.0 0.0 22.0 5226.496684138834
0.0 20.0 0.0 23.0 3741.001544504902
0.0 20.0 0.0 24.0 3485.7426999812274
0.0 20.0 0.0 25.0 3864.6372880420813
0.0 21.0 0.0 -25.0 2659.7190372329783
0.0 21.0 0.0 -24.0 1508.4080096303635
0.0 21.0 0.0 -23.0 2023.3781494135585
0.0 21.0 0.0 -22.0 1593.9583591753938
0.0 21.0 0.0 -21.0 1391.0108888291568
0.0 21.0 0.0 -20.0 2020.1052836252695
0.0 21.0 0.0 -19.0 3024.1767623945675
0.0 21.0 0.0 -18.0 2532.50112456504
0.0 21.0 0.0 -17.0 3302.5549826417705
0.0 21.0 0.0 -16.0 3713.0260638264685
0.0 21.0 0.0 -15.0 2220.0809856299466
0.0 21.0 0.0 -14.0 800.2086867370117
0.0 21.0 0.0 -13.0 2070.8753367768445
0.0 21.0 0.0 -12.0 1381.0499227989912
0.0 21.0 0.0 -11.0 2667.578470653821
0.0 21.0 0.0 -10.0 3604.874291417382
0.0 21.0 0.0 -9.0 1840.3699872404668
0.0 21.0 0.0 -8.0 2424.7985509424507
0.0 21.0 0.0 -7.0 2236.129746205605
0.0 21.0 0.0 -6.0 3470.5724198994626
0.0 21.0 0.0 -5.0 4456.827497642478
0.0 21.0 0.0 -4.0 1082.3829286481719
0.0 21.0 0.0 -3.0 3274.055697517696
0.0 21.0 0.0 -2.0 1258.736680162176
0.0 21.0 0.0 -1.0 910.1807544068859
0.0 21.0 0.0 0.0 5639.222137350709
0.0 21.0 0.0 1.0 624.895615390884
0.0 21.0 0.0 2.0 1192.81133372187
0.0 21.0 0.0 3.0 2339.808469944604
0.0 21.0 0.0 4.0 3529.1544967010877
0.0 21.0 0.0 5.0 1429.8280301230905
0.0 21.0 0.0 6.0 1994.886583410531
0.0 21.0 0.0 7.0 1963.0660108187287
0.0 21.0 0.0 8.0 2162.5883232133033
0.0 21.0 0.0 9.0 1462.8225824000315
0.0 21.0 0.0 10.0 1240.485842036554
0.0 21.0 0.0 11.0 1156.4229141056096
0.0 21.0 0.0 12.0 4873.897652533387
0.0 21.0 0.0 13.0 4498.395765795453
0.0 21.0 0.0 14.0 2677.1743076579255
0.0 21.0 0.0 15.0 1528.6458157912432
0.0 21.0 0.0 16.0 2101.2935577709036
0.0 21.0 0.0 17.0 2498.208211813806
0.0 21.0 0.0 18.0 2896.445668758939
0.0 21.0 0.0 19.0 1714.8594057624584
0.0 21.0 0.0 20.0 1519.0247746322705
0.0 21.0 0.0 21.0 3615.9939410761767
0.0 21.0 0.0 22.0 1356.919123945107
0.0 21.0 0.0 23.0 4652.948564722953
0.0 21.0 0.0 24.0 1755.2216471854663
0.0 21.0 0.0 25.0 2869.289496222531
0.0 22.0 0.0 -25.0 1065.321490458802
0.0 22.0 0.0 -24.0 4054.0636465979005
0.0 22.0 0.0 -23.0 2627.278530547412
0.0 22.0 0.0 -22.0 1873.9274119148938
0.0 22.0 0.0 -21.0 2713.7318874481766
0.0 22.0 0.0 -20.0 2458.440629991661
0.0 22.0 0.0 -19.0 3004.100515278311
0.0 22.0 0.0 -18.0 1833.55983987195
0.0 22.0 0.0 -17.0 1702.0498042390102
0.0 22.0 0.0 -16.0 2781.612824870159
0.0 22.0 0.0 -15.0 1274.140726427563
0.0 22.0 0.0 -14.0 2289.3730800170683
0.0 22.0 0.0 -13.0 1605.5162955584844
0.0 22.0 0.0 -12.0 2377.131298126753
0.0 22.0 0.0 -11.0 2258.787159973642
0.0 22.0 0.0 -10.0 4086.3090598608314
0.0 22.0 0.0 -9.0 2808.6508917739975
0.0 22.0 0.0 -8.0 4497.5402135434215
0.0 22.0 0.0 -7.0 2133.116275736112
0.0 22.0 0.0 -6.0 1944.500247493923
0.0 22.0 0.0 -5.0 2647.9898528341255
0.0 22.0 0.0 -4.0 3177.323167603226
0.0 22.0 0.0 -3.0 3506.0162762264126
0.0 22.0 0.0 -2.0 2312.625544194356
0.0 22.0 0.0 -1.0 2712.3150095942565
0.0 22.0 0.0 0.0 2651.212773600096
0.0 22.0 0.0 1.0 1937.5609378976194
0.0 22.0 0.0 2.0 4511.901442329776
0.0 22.0 0.0 3.0 3179.776713119941
0.0 22.0 0.0 4.0 2949.5759871194177
0.0 22.0 0.0 5.0 872.3276397635642
0.0 22.0 0.0 6.0 2959.9588402923396
0.0 22.0 0.0 7.0 766.970399056078
0.0 22.0 0.0 8.0 4905.7205120154695
0.0 22.0 0.0 9.0 1434.5505775151732
0.0 22.0 0.0 10.0 2937.661899758224
0.0 22.0 0.0 11.0 1197.056152701002
0.0 22.0 0.0 12.0 1257.260426432805
0.0 22.0 0.0 13.0 1078.7045285424347
0.0 22.0 0.0 14.0 7137.66568205226
0.0 22.0 0.0 15.0 4564.929328828861
0.0 22.0 0.0 16.0 3658.8243846006485
0.0 22.0 0.0 17.0 4085.0473489675737
0.0 22.0 0.0 18.0 2591.043057796265
0.0 22.0 0.0 19.0 2174.270240777705
0.0 22.0 0.0 20.0 5509.327548315949
0.0 22.0 0.0 21.0 813.7495484607491
0.0 22.0 0.0 22.0 1681.2416575465352
0.0 22.0 0.0 23.0 1234.6169853350757
0.0 22.0 0.0 24.0 1583.0327008037261
0.0 22.0 0.0 25.0 1548.12624031285
0.0 23.0 0.0 -25.0 1641.2923736430007
0.0 23.0 0.0 -24.0 3954.9326750582313
0.0 23.0 0.0 -23.0 2292.8123800679973
0.0 23.0 0.0 -22.0 2790.8631515576494
0.0 23.0 0.0 -21.0 2328.005049412959
0.0 23.0 0.0 -20.0 1976.846288389109
0.0 23.0 0.0 -19.0 1884.602429543686
0.0 23.0 0.0 -18.0 2000.7766905062554
0.0 23.0 0.0 -17.0 2685.7654667566335
0.0 23.0 0.0 -16.0 1289.4160452460674
0.0 23.0 0.0 -15.0 2118.9252843679556
0.0 23.0 0.0 -14.0 1536.3217095172008
0.0 23.0 0.0 -13.0 2260.635727454802
0.0 23.0 0.0 -12.0 2781.9014308221576
0.0 23.0 0.0 -11.0 3114.890747564222
0.0 23.0 0.0 -10.0 2889.1493247939975
0.0 23.0 0.0 -9.0 4392.194653533373
0.0 23.0 0.0 -8.0 1300.6307503545847
0.0 23.0 0.0 -7.0 1282.2591268691954
0.0 23.0 0.0 -6.0 2046.1374835900342
0.0 23.0 0.0 -5.0 3780.948021753994
0.0 23.0 0.0 -4.0 2241.078904898165
0.0 23.0 0.0 -3.0 1014.2026476226243
0.0 23.0 0.0 -2.0 1928.0207291468787
0.0 23.0 0.0 -1.0 3462.4569792021266
0.0 23.0 0.0 0.0 1586.923109350955
0.0 23.0 0.0 1.0 1290.1366897411522
0.0 23.0 0.0 2.0 1443.2888637937692
0.0 23.0 0.0 3.0 1505.007273901918
0.0 23.0 0.0 4.0 2307.7057132376813
0.0 23.0 0.0 5.0 3142.580123872693
0.0 23.0 0.0 6.0 3123.615339013301
0.0 23.0 0.0 7.0 1827.834092842768
0.0 23.0 0.0 8.0 1566.0715398993866
0.0 23.0 0.0 9.0 4003.9567310835128
0.0 23.0 0.0 10.0 2443.847607744455
0.0 23.0 0.0 11.0 8185.899754617953
0.0 23.0 0.0 12.0 3158.0392931982847
0.0 23.0 0.0 13.0 1367.1557973568727
0.0 23.0 0.0 14.0 752.8048140329164
0.0 23.0 0.0 15.0 5490.805667519296
0.0 23.0 0.0 16.0 2407.779008573152
0.0 23.0 0.0 17.0 3229.242137930848
0.0 23.0 0.0 18.0 1280.6404113827343
0.0 23.0 0.0 19.0 2943.4711600519045
0.0 23.0 0.0 20.0 4589.348505449221
0.0 23.0 0.0 21.0 2206.581430216251
0.0 23.0 0.0 22.0 1772.1617762298274
0.0 23.0 0.0 23.0 659.3203914083858
0.0 23.0 0.0 24.0 4051.8394041676306
0.0 23.0 0.0 25.0 4715.593434522306
0.0 24.0 0.0 -25.0 3790.840560597525
0.0 24.0 0.0 -24.0 1800.9579383966773
0.0 24.0 0.0 -23.0 4449.2404892092545
0.0 24.0 0.0 -22.0 2299.138795500062
0.0 24.0 0.0 -21.0 2886.322802103465
0.0 24.0 0.0 -20.0 2018.4436214569498
0.0 24.0 0.0 -19.0 2663.9024790155263
0.0 24.0 0.0 -18.0 4684.413398330586
0.0 24.0 0.0 -17.0 2764.7582932485816
0.0 24.0 0.0 -16.0 1102.4097867487874
0.0 24.0 0.0 -15.0 1871.2309363629788
0.0 24.0 0.0 -14.0 2464.5514446730917
0.0 24.0 0.0 -13.0 1964.5874609101033
0.0 24.0 0.0 -12.0 3244.9992506321514
0.0 24.0 0.0 -11.0 1878.9775702080633
0.0 24.0 0.0 -10.0 2941.7344189568594
0.0 24.0 0.0 -9.0 4044.116439998072
0.0 24.0 0.0 -8.0 1770.0494956274783
0.0 24.0 0.0 -7.0 2658.0045802910918
0.0 24.0 0.0 -6.0 2606.077182795265
0.0 24.0 0.0 -5.0 989.7325924789236
0.0 24.0 0.0 -4.0 4844.876286461263
0.0 24.0 0.0 -3.0 2081.2658594091645
0.0 24.0 0.0 -2.0 786.2077170035293
0.0 24.0 0.0 -1.0 1149.2467170572506
0.0 24.0 0.0 0.0 1634.5422646636837
0.0 24.0 0.0 1.0 5080.918367020162
0.0 24.0 0.0 2.0 3086.777112898047
0.0 24.0 0.0 3.0 6652.779015640099
0.0 24.0 0.0 4.0 3720.515370073944
0.0 24.0 0.0 5.0 2470.187231050698
0.0 24.0 0.0 6.0 3508.0496525852354
0.0 24.0 0.0 7.0 1523.8015333562141
0.0 24.0 0.0 8.0 4455.408537373051
0.0 24.0 0.0 9.0 1840.4702516499224
0.0 24.0 0.0 10.0 2641.416622306418
0.0 24.0 0.0 11.0 1372.2779177901252
0.0 24.0 0.0 12.0 1812.2247755865653
0.0 24.0 0.0 13.0 1502.3779183470283
0.0 24.0 0.0 14.0 4405.253745633137
0.0 24.0 0.0 15.0 2905.8796558145614
0.0 24.0 0.0 16.0 1922.141548577531
0.0 24.0 0.0 17.0 866.4599025731751
0.0 24.0 0.0 18.0 1052.7993135980441
0.0 24.0 0.0 19.0 2051.3915903854586
0.0 24.0 0.0 20.0 2850.057217080594
0.0 24.0 0.0 21.0 3843.2018348023144
0.0 24.0 0.0 22.0 1385.0004556147478
0.0 24.0 0.0 23.0 3000.1084995854076
0.0 24.0 0.0 24.0 502.28026588065507
0.0 24.0 0.0 25.0 8058.2120243278805
0.0 25.0 0.0 -25.0 2220.9296312846827
0.0 25.0 0.0 -24.0 2128.8464984931197
0.0 25.0 0.0 -23.0 1548.7260262657394
0.0 25.0 0.0 -22.0 2159.5483227217146
0.0 25.0 0.0 -21.0 3109.508146501615
0.0 25.0 0.0 -20.0 4112.918038269196
0.0 25.0 0.0 -19.0 2267.1745583755287
0.0 25.0 0.0 -18.0 2505.1845856622235
0.0 25.0 0.0 -17.0 2406.5488164009867
0.0 25.0 0.0 -16.0 1835.442092402381
0.0 25.0 0.0 -15.0 2508.224385481946
0.0 25.0 0.0 -14.0 2183.658436731313
0.0 25.0 0.0 -13.0 1817.9070555508265
0.0 25.0 0.0 -12.0 2662.322116539019
0.0 25.0 0.0 -11.0 2103.149719812288
0.0 25.0 0.0 -10.0 3699.7347824471844
0.0 25.0 0.0 -9.0 3029.0903546183313
0.0 25.0 0.0 -8.0 1984.3495473038204
0.0 25.0 0.0 -7.0 4738.284819303739
0.0 25.0 0.0 -6.0 1871.814702211536
0.0 25.0 0.0 -5.0 2450.026962804896
0.0 25.0 0.0 -4.0 3591.4321431355875
0.0 25.0 0.0 -3.0 1314.6172221610534
0.0 25.0 0.0 -2.0 4799.680772329315
0.0 25.0 0.0 -1.0 1065.6862469582957
0.0 25.0 0.0 0.0 3084.719738288171
0.0 25.0 0.0 1.0 1140.3865616537687
0.0 25.0 0.0 2.0 3540.6783832089545
0.0 25.0 0.0 3.0 1641.7325758703564
0.0 25.0 0.0 4.0 2057.8818938560003
0.0 25.0 0.0 5.0 1762.734350835576
0.0 25.0 0.0 6.0 3407.323811105946
0.0 25.0 0.0 7.0 5981.9840642999525
0.0 25.0 0.0 8.0 1135.8673894658841
0.0 25.0 0.0 9.0 1638.9958342339175
0.0 25.0 0.0 10.0 1078.7683305892265
0.0 25.0 0.0 11.0 3962.649097952764
0.0 25.0 0.0 12.0 1287.3963994902363
0.0 25.0 0.0 13.0 3282.428950693032
0.0 25.0 0.0 14.0 2850.2108506221107
0.0 25.0 0.0 15.0 1978.5951500055357
0.0 25.0 0.0 16.0 2856.899218187074
0.0 25.0 0.0 17.0 2209.658458126941
0.0 25.0 0.0 18.0 2375.7239316769137
0.0 25.0 0.0 19.0 1440.6220761285624
0.0 25.0 0.0 20.0 2568.2130765856114
0.0 25.0 0.0 21.0 2721.1241075113994
0.0 25.0 0.0 22.0 5797.615815310376
0.0 25.0 0.0 23.0 5394.150289679202
0.0 25.0 0.0 24.0 2753.6012112185253
0.0 25.0 0.0 25.0 3905.0490605194755
